dataset,true_model,m0_prob,m1_prob,selected_model,bayes_factor,training_time,inference_time
1,0,0.8242686241865158,0.1757313758134842,0,0.21319673060092073,238.34918789999938,0.014820800002780743
2,1,0.0017448067665100098,0.99825519323349,1,572.1293683599221,238.34918789999938,0.014820800002780743
3,1,0.35327714681625366,0.6467228531837463,1,1.8306388030248657,238.34918789999938,0.014820800002780743
4,0,0.6308282315731049,0.36917176842689514,0,0.5852175757991783,238.34918789999938,0.014820800002780743
5,0,0.556634783744812,0.443365216255188,0,0.796510080222453,238.34918789999938,0.014820800002780743
6,0,0.42747312784194946,0.5725268721580505,1,1.339328334036782,238.34918789999938,0.014820800002780743
7,0,0.6522023379802704,0.3477976620197296,0,0.5332665060612689,238.34918789999938,0.014820800002780743
8,0,0.5873541533946991,0.4126458466053009,0,0.7025503169090641,238.34918789999938,0.014820800002780743
9,1,0.21873998641967773,0.7812600135803223,1,3.571637844401185,238.34918789999938,0.014820800002780743
10,0,0.7434805035591125,0.25651949644088745,0,0.34502518252046155,238.34918789999938,0.014820800002780743
11,1,0.016719579696655273,0.9832804203033447,1,58.81011593252242,238.34918789999938,0.014820800002780743
12,1,0.011850833892822266,0.9881491661071777,1,83.38224761598197,238.34918789999938,0.014820800002780743
13,0,0.7976479828357697,0.20235201716423035,0,0.2536858633364002,238.34918789999938,0.014820800002780743
14,1,0.13283681869506836,0.8671631813049316,1,6.52803334063228,238.34918789999938,0.014820800002780743
15,1,0.030762076377868652,0.9692379236221313,1,31.507558583380806,238.34918789999938,0.014820800002780743
16,1,0.7247303426265717,0.27526965737342834,0,0.3798235580640857,238.34918789999938,0.014820800002780743
17,0,0.4448772072792053,0.5551227927207947,1,1.2478112693519026,238.34918789999938,0.014820800002780743
18,0,0.8365827798843384,0.16341722011566162,0,0.1953389718806486,238.34918789999938,0.014820800002780743
19,1,0.016817927360534668,0.9831820726394653,1,58.4603590895881,238.34918789999938,0.014820800002780743
20,0,0.46796584129333496,0.532034158706665,1,1.1369081068743436,238.34918789999938,0.014820800002780743
21,0,0.6982869207859039,0.30171307921409607,0,0.4320760853927004,238.34918789999938,0.014820800002780743
22,1,0.0026444196701049805,0.997355580329895,1,377.1548032276969,238.34918789999938,0.014820800002780743
23,0,0.8652631640434265,0.1347368359565735,0,0.15571775334447405,238.34918789999938,0.014820800002780743
24,0,0.8260952830314636,0.17390471696853638,0,0.21051411446191837,238.34918789999938,0.014820800002780743
25,1,0.2436387538909912,0.7563612461090088,1,3.104437344345554,238.34918789999938,0.014820800002780743
26,0,0.6961971521377563,0.30380284786224365,0,0.4363747351298132,238.34918789999938,0.014820800002780743
27,1,0.00596463680267334,0.9940353631973267,1,166.6548016388528,238.34918789999938,0.014820800002780743
28,0,0.36815136671066284,0.6318486332893372,1,1.7162740394928888,238.34918789999938,0.014820800002780743
29,1,0.4089841842651367,0.5910158157348633,1,1.445082324630233,238.34918789999938,0.014820800002780743
30,1,0.4594041705131531,0.5405958294868469,1,1.1767325248332052,238.34918789999938,0.014820800002780743
31,0,0.7676674574613571,0.23233254253864288,0,0.3026473771689587,238.34918789999938,0.014820800002780743
32,0,0.6492094099521637,0.3507905900478363,0,0.5403350362307348,238.34918789999938,0.014820800002780743
33,1,0.6107320189476013,0.3892679810523987,0,0.6373793562079418,238.34918789999938,0.014820800002780743
34,1,0.007888078689575195,0.9921119213104248,1,125.77358319480128,238.34918789999938,0.014820800002780743
35,0,0.865885466337204,0.13411453366279602,0,0.1548871517963179,238.34918789999938,0.014820800002780743
36,0,0.40481793880462646,0.5951820611953735,1,1.4702462616969667,238.34918789999938,0.014820800002780743
37,0,0.706171303987503,0.29382869601249695,0,0.41608699525646087,238.34918789999938,0.014820800002780743
38,0,0.4832267165184021,0.5167732834815979,1,1.0694220038264757,238.34918789999938,0.014820800002780743
39,1,0.7143693566322327,0.28563064336776733,0,0.39983608019571587,238.34918789999938,0.014820800002780743
40,1,0.022197604179382324,0.9778023958206177,1,44.04990682412584,238.34918789999938,0.014820800002780743
41,1,0.4741922616958618,0.5258077383041382,1,1.1088492596308575,238.34918789999938,0.014820800002780743
42,0,0.8661204129457474,0.13387958705425262,0,0.15457387339355858,238.34918789999938,0.014820800002780743
43,0,0.803609311580658,0.19639068841934204,0,0.24438577999183672,238.34918789999938,0.014820800002780743
44,0,0.8406747132539749,0.15932528674602509,0,0.18952073166246358,238.34918789999938,0.014820800002780743
45,1,0.15605509281158447,0.8439449071884155,1,5.407993369414514,238.34918789999938,0.014820800002780743
46,0,0.8223276138305664,0.1776723861694336,0,0.21606034283805708,238.34918789999938,0.014820800002780743
47,0,0.8828328251838684,0.11716717481613159,0,0.1327172840358865,238.34918789999938,0.014820800002780743
48,1,0.5098193287849426,0.4901806712150574,0,0.961479182013969,238.34918789999938,0.014820800002780743
49,0,0.6406912803649902,0.35930871963500977,0,0.5608141247533728,238.34918789999938,0.014820800002780743
50,1,0.0029031038284301758,0.9970968961715698,1,343.4589167659015,238.34918789999938,0.014820800002780743
51,0,0.6207202970981598,0.3792797029018402,0,0.6110315784338876,238.34918789999938,0.014820800002780743
52,0,0.8844315484166145,0.11556845158338547,0,0.13066975255494453,238.34918789999938,0.014820800002780743
53,1,0.002918422222137451,0.9970815777778625,1,341.6508996589261,238.34918789999938,0.014820800002780743
54,1,0.003657042980194092,0.9963429570198059,1,272.4449678102844,238.34918789999938,0.014820800002780743
55,0,0.8113834857940674,0.18861651420593262,0,0.23246284587779287,238.34918789999938,0.014820800002780743
56,1,0.015297472476959229,0.9847025275230408,1,64.37027613588987,238.34918789999938,0.014820800002780743
57,1,0.18859654664993286,0.8114034533500671,1,4.302324023229171,238.34918789999938,0.014820800002780743
58,1,0.018662750720977783,0.9813372492790222,1,52.5826692940797,238.34918789999938,0.014820800002780743
59,1,0.7821223884820938,0.2178776115179062,0,0.27857227299266135,238.34918789999938,0.014820800002780743
60,1,0.009655416011810303,0.9903445839881897,1,102.56881555148125,238.34918789999938,0.014820800002780743
61,1,0.002012968063354492,0.9979870319366455,1,495.7788700698804,238.34918789999938,0.014820800002780743
62,1,0.004095733165740967,0.995904266834259,1,243.15653059739503,238.34918789999938,0.014820800002780743
63,1,0.02574026584625244,0.9742597341537476,1,37.84963760565011,238.34918789999938,0.014820800002780743
64,1,0.0024433135986328125,0.9975566864013672,1,408.28024980483997,238.34918789999938,0.014820800002780743
65,0,0.7596912384033203,0.2403087615966797,0,0.3163242504964888,238.34918789999938,0.014820800002780743
66,0,0.8759552612900734,0.1240447387099266,0,0.14161081529122646,238.34918789999938,0.014820800002780743
67,0,0.4682652950286865,0.5317347049713135,1,1.135541562905572,238.34918789999938,0.014820800002780743
68,0,0.7063478231430054,0.29365217685699463,0,0.41573310943373937,238.34918789999938,0.014820800002780743
69,0,0.7111997604370117,0.2888002395629883,0,0.40607471434682274,238.34918789999938,0.014820800002780743
70,0,0.857978105545044,0.14202189445495605,0,0.16553090753374697,238.34918789999938,0.014820800002780743
71,0,0.7721809297800064,0.2278190702199936,0,0.2950332770907707,238.34918789999938,0.014820800002780743
72,0,0.8176328092813492,0.18236719071865082,0,0.22304289731100782,238.34918789999938,0.014820800002780743
73,0,0.6973219215869904,0.30267807841300964,0,0.43405788494955666,238.34918789999938,0.014820800002780743
74,1,0.05471634864807129,0.9452836513519287,1,17.27607332557724,238.34918789999938,0.014820800002780743
75,1,0.1335352063179016,0.8664647936820984,1,6.48866181117317,238.34918789999938,0.014820800002780743
76,1,0.46985018253326416,0.5301498174667358,1,1.1283380046983436,238.34918789999938,0.014820800002780743
77,1,0.03979998826980591,0.9602000117301941,1,24.125635545944263,238.34918789999938,0.014820800002780743
78,1,0.5686805248260498,0.4313194751739502,0,0.758456561011798,238.34918789999938,0.014820800002780743
79,1,0.007192373275756836,0.9928076267242432,1,138.03616534623927,238.34918789999938,0.014820800002780743
80,1,0.7800535261631012,0.2199464738368988,0,0.28196330951641674,238.34918789999938,0.014820800002780743
81,0,0.7362443506717682,0.2637556493282318,0,0.35824471737891694,238.34918789999938,0.014820800002780743
82,0,0.8643170744180679,0.13568292558193207,0,0.15698281290264385,238.34918789999938,0.014820800002780743
83,0,0.8329600691795349,0.1670399308204651,0,0.20053774124490661,238.34918789999938,0.014820800002780743
84,1,0.11710184812545776,0.8828981518745422,1,7.539574874417387,238.34918789999938,0.014820800002780743
85,1,0.6609561443328857,0.33904385566711426,0,0.512959685107878,238.34918789999938,0.014820800002780743
86,1,0.7122417688369751,0.2877582311630249,0,0.4040176296216206,238.34918789999938,0.014820800002780743
87,0,0.8327299952507019,0.1672700047492981,0,0.20086943631583698,238.34918789999938,0.014820800002780743
88,1,0.33693569898605347,0.6630643010139465,1,1.9679253430530443,238.34918789999938,0.014820800002780743
89,0,0.8922285214066505,0.10777147859334946,0,0.12078909831692156,238.34918789999938,0.014820800002780743
90,1,0.007902979850769043,0.992097020149231,1,125.53455011690173,238.34918789999938,0.014820800002780743
91,1,0.0024445056915283203,0.9975554943084717,1,408.0806593192236,238.34918789999938,0.014820800002780743
92,1,0.4488210082054138,0.5511789917945862,1,1.2280596980039886,238.34918789999938,0.014820800002780743
93,0,0.5775662660598755,0.4224337339401245,0,0.7314030592921288,238.34918789999938,0.014820800002780743
94,0,0.8719836324453354,0.1280163675546646,0,0.14681051660988598,238.34918789999938,0.014820800002780743
95,0,0.7446037828922272,0.2553962171077728,0,0.34299613160136,238.34918789999938,0.014820800002780743
96,1,0.5558229982852936,0.4441770017147064,0,0.7991339024923159,238.34918789999938,0.014820800002780743
97,0,0.8194847851991653,0.18051521480083466,0,0.22027890945768167,238.34918789999938,0.014820800002780743
98,0,0.8879439160227776,0.11205608397722244,0,0.12619725407786675,238.34918789999938,0.014820800002780743
99,0,0.8566473424434662,0.1433526575565338,0,0.16734150735545447,238.34918789999938,0.014820800002780743
100,1,0.4933807849884033,0.5066192150115967,1,1.0268320745881998,238.34918789999938,0.014820800002780743
