"dataset" "true_model" "mean.theta." "var.theta." "sigma2" "mu" "tau2" "dataset.1" "true_model.1" "mean.theta..1" "var.theta..1" "sigma2.1" "mu.1" "tau2.1"
"1" 1 0 0.0629242587420788 1.78297881873277 1.4914877687075 NA 1.80570112614217 1 0 0.0634775302066372 1.78335726722748 1.4914023521722 0.0618712858783251 1.836883549485
"2" 2 1 -2.08332649663408 0.403045597653505 3.61244863607328 NA 4.80953387457709 2 1 -2.09898465433057 0.340764739075049 3.6123948270579 -2.08288681481889 0.41462408365181
"3" 3 1 -0.0481075277768406 0.289245019600227 6926.9823821086 NA 4.86353265840887 3 1 -0.377708436269646 0.353291361014641 6926.72410914937 -0.345759985962357 5.43138285272729
"4" 4 0 -0.158854080527245 0.734130480982313 1.45433073085188 NA 0.798246752820382 4 0 -0.161936831381448 0.733805591216155 1.45436664559817 -0.159726560489492 0.7874927413891
"5" 5 0 -0.823479642111675 39.5947916192447 1.54532962924726 NA 39.5458510399538 5 0 -0.82359293718102 39.5948538838256 1.5453879760932 -0.475599244498128 39.4602978150623
"6" 6 0 0.453357823020383 2.45171619409687 0.693434709957005 NA 2.65675983470454 6 0 0.454539352585285 2.45072959082398 0.693478519995256 0.433338478287056 2.49624029306948
"7" 7 0 -0.277708718426812 7.31606466272034 0.0294331115752161 NA 7.29297541925881 7 0 -0.277713015229987 7.31606292929198 0.0294341343968751 -0.244114026183469 7.33685413669397
"8" 8 0 -0.363276639570383 7.29772134364636 2.05242841128644 NA 7.35406378410668 8 0 -0.364199756923421 7.29799600148118 2.0527734128657 -0.320164024965591 7.34045809097161
"9" 9 1 0.978095548122892 5.30142384354914 1.3355023905755 NA 6.21284414010511 9 1 0.980195156434769 5.29736771858935 1.3355500937878 0.891168493160734 5.35258213429852
"10" 10 0 -0.101516261362858 0.203305389463324 3.41303442569763 NA 0.279642016065903 10 0 -0.115201162360986 0.201890236484258 3.41274565263581 -0.114702084778953 0.272300059979701
"11" 11 1 0.555158018718932 0.302740604797925 0.44919512984741 NA 0.648211332364476 11 1 0.559324732859766 0.298662226984063 0.449190493204786 0.55546641806308 0.341894581838117
"12" 12 1 0.78482109437546 0.465600909119703 8.03718121427695 NA 1.18989387459466 12 1 0.842172451165123 0.386643595973196 8.03761710210985 0.834283914526638 0.498307454414563
"13" 13 0 -0.102083525642622 1.07984288288745 0.205542788909422 NA 1.10883908560225 13 0 -0.102247365206112 1.07988686935444 0.205527540120489 -0.100145774435362 1.11989766401826
"14" 14 1 -0.539950756075609 2.0098610753432 3.60872857818225 NA 2.33894499747306 14 1 -0.548799601376383 2.00107543891811 3.60889379483064 -0.528220102491766 2.07582177350136
"15" 15 1 -0.97391125440773 2.1149573544981 11.0723854974523 NA 3.17465647839188 15 1 -1.00943348207232 2.0462600058346 11.0733587515781 -0.969333124050496 2.19692707496197
"16" 16 1 0.178262665865679 1.76653494547473 0.338013396717703 NA 1.80617187126936 16 1 0.178617798018146 1.76656947621714 0.33799566843299 0.172970000484308 1.80661541007065
"17" 17 0 0.322376777392229 3.05024985445126 1.82275328938441 NA 3.1540278407404 17 0 0.324384197823696 3.0496717241199 1.82268202078633 0.306193874041414 3.10431810637119
"18" 18 0 0.0695673567999548 1.983425206009 4.74224864406134 NA 2.03844482623371 18 0 0.0714428873617583 1.98436020381801 4.74188075661674 0.0694761534128651 2.07119219171778
"19" 19 1 -1.14252175070485 2.87253041192326 2.83625679704287 NA 4.19168584521034 19 1 -1.15042320644328 2.85399988902573 2.83581665297307 -1.09027419282518 2.92501180599108
"20" 20 0 0.83945345902147 5.73644510420801 0.736311739451273 NA 6.37612005601661 20 0 0.84046089898556 5.73470468583819 0.736295160220543 0.758225181922105 5.77488872559176
"21" 21 0 -0.163933555591131 3.54055559543746 0.0432991942137873 NA 3.53903700920972 21 0 -0.163953168564076 3.54054665613438 0.043297248536597 -0.154023268293749 3.57494772535986
"22" 22 1 -1.16452554861381 0.282155202782044 5.72543806925099 NA 1.72860536650988 22 1 -1.20573839393285 0.204831909193028 5.72459915721086 -1.19900721899543 0.293686039029229
"23" 23 0 -0.0954997438515333 0.965598399653973 5.01782854479229 NA 1.04376867544541 23 0 -0.100478899706391 0.966623556554338 5.01799244540201 -0.0986324818388503 1.05511396074257
"24" 24 0 0.0516806787326069 0.909892254266724 0.915973359917632 NA 0.943042638592227 24 0 0.052243549497693 0.910100788403329 0.915964182133997 0.0508653744818591 0.957367640317849
"25" 25 1 0.424225516441689 1.4627826422389 1.14966483596392 NA 1.66495354499992 25 1 0.427388928481467 1.46054970884412 1.14962728601255 0.415326952779868 1.51035755894191
"26" 26 0 -0.0424801448626014 0.0961474064084556 449.177014359477 NA 0.842328713094985 26 0 -0.273055666896004 0.096372005883644 449.189633144674 -0.268778015637807 0.842125065486526
"27" 27 1 1.37871722861632 1.35868805178914 3.6548083892034 NA 3.30837511121868 27 1 1.39456080461182 1.31450779220148 3.65490805419591 1.35851720839431 1.39159121959915
"28" 28 0 -4.735259308685 1646.08350117359 0.42614690200658 NA 1637.42472267017 28 0 -4.73528632933664 1646.08106818642 0.426131500863972 -0.154070450601408 1636.46995642557
"29" 29 1 -0.285805235698704 1.20415311900855 0.71275171888607 NA 1.30862438490061 29 1 -0.287497709699591 1.2033563885131 0.712738691863995 -0.281243210516885 1.24836061938704
"30" 30 1 0.499823201714211 4.69332068754464 0.0437143724697961 NA 4.89245242918862 30 1 0.499869703587083 4.69324971533367 0.0437175769251094 0.459077952357338 4.7219560418954
"31" 31 0 -0.0894867267835449 0.427010775450853 0.311989435513272 NA 0.468220190612652 31 0 -0.0901374320597818 0.427102855821471 0.311980138546194 -0.0891755768986359 0.46874357510811
"32" 32 0 -0.235936855700632 2.53492136427872 4.79028612100348 NA 2.62841082182264 32 0 -0.240412634985779 2.53443535077007 4.79017329767441 -0.230025871846828 2.62132141089213
"33" 33 1 -0.459201736852443 20.9042958594105 10.2836705059503 NA 20.8594490672861 33 1 -0.460874694423372 20.9057532574646 10.283436377617 -0.330921688919039 20.9571048341057
"34" 34 1 -0.788132137265608 0.449667837039822 5.06972478933864 NA 1.15207826391073 34 1 -0.825631647888756 0.397085078335159 5.07002170319101 -0.818292150739245 0.484155309632525
"35" 35 0 -0.0304899489549412 0.788355738376581 1.54052508572441 NA 0.828654140716234 35 0 -0.0311479775154495 0.788953938416471 1.54061169576168 -0.0307244099560295 0.842767396760799
"36" 36 0 -0.256849198727295 1.38923197798033 0.243290247386684 NA 1.46794574319426 36 0 -0.257310473290149 1.38911169036281 0.243269811306186 -0.250616917556645 1.42979094268041
"37" 37 0 -0.0536260446852551 5.3658459550523 0.125249316843272 NA 5.30653010365805 37 0 -0.0536636166885936 5.36596352064872 0.12525800928223 -0.0489750982175959 5.39394562319916
"38" 38 0 -0.338864553659812 2.28949698164214 5.91376701825171 NA 2.46136486363109 38 0 -0.347630976689195 2.28585479471338 5.91408553982032 -0.33264167442621 2.38486549389397
"39" 39 1 -0.127753140205535 0.226892033559266 5.52645182155152 NA 0.326330134069618 39 1 -0.151635575810181 0.223361654850825 5.52631635193941 -0.150705270716776 0.311183290046899
"40" 40 1 0.527280381808145 0.375582865749582 0.183739809692955 NA 0.686079845990715 40 1 0.528822722057086 0.374137123595439 0.183735282278433 0.524927896721168 0.41443165036169
"41" 41 1 -0.311628505274187 1.13464323074858 0.298172145677366 NA 1.25069891958324 41 1 -0.3123948294516 1.13424435413477 0.298153387172296 -0.305699244846127 1.17569948267717
"42" 42 0 0.0532525690159587 0.351964144772132 3.59090682543306 NA 0.420972512311937 42 0 0.0582508528371531 0.352738890878539 3.59114669925295 0.0577751336597154 0.425880501490989
"43" 43 0 0.118637809622625 0.784887849227156 1.20289023980541 NA 0.834929571214326 43 0 0.120478464126382 0.784835744697459 1.20287833874651 0.118457715287704 0.835882428766162
"44" 44 0 -0.0846832527738963 0.525427998887864 7.77772222142264 NA 0.633383867397391 44 0 -0.0959601965656059 0.526364260749722 7.77705477434086 -0.0946951543754016 0.637579788136192
"45" 45 1 -0.672818839478375 2.31364722974422 111.192307819423 NA 3.65504257034207 45 1 -0.882253397247153 2.04202239953539 111.197202678483 -0.835723904007212 2.92081645075611
"46" 46 0 -0.0372888585683695 0.359442612797646 43.4737341974969 NA 0.664232878426518 46 0 -0.063650407736072 0.366476264425511 43.4730425098874 -0.0629237277271854 0.680255600095288
"47" 47 0 0.027238227584947 0.676004035073193 8.16941046208956 NA 0.77978599078203 47 0 0.0302772646941231 0.678222189686536 8.17027033258075 0.0292546128650997 0.795144630869575
"48" 48 1 0.606326852840815 7.02752927185401 2.28099735595437 NA 7.32320514679349 48 1 0.608272458635087 7.02597002405811 2.28108826171769 0.537196185650348 7.07819952496593
"49" 49 0 0.043058602166734 7.07140729452476 0.502864383229261 NA 6.98225176678811 49 0 0.0430878183676546 7.07113748682632 0.502819715569824 0.0371570943907515 7.0955551778473
"50" 50 1 1.49010093585998 0.836770833096543 0.211690233684119 NA 3.08124027619574 50 1 1.49113443982038 0.833556197810785 0.211697542092767 1.46691098486672 0.874518631323911
"51" 51 0 0.137365753672794 3.9740533778608 6.66917802756403 NA 4.02629505615172 51 0 0.139569113742625 3.97611268777192 6.66849820542155 0.128761934951389 4.07724946272044
"52" 52 0 -0.0103861788923076 0.527594928217353 0.774119795185311 NA 0.563877300895151 52 0 -0.0105299464679234 0.52793143892089 0.774153217207283 -0.0106185589260197 0.574689990523081
"53" 53 1 1.28268647195446 0.614070643786475 0.135313836922997 NA 2.28752165950139 53 1 1.28349593932911 0.612105486902344 0.135307623308175 1.26765063449044 0.651706581558707
"54" 54 1 -0.92861625594047 0.260106779975439 6.51575120587588 NA 1.22061127912059 54 1 -0.9823975329408 0.183510769335168 6.51441579289238 -0.977376064529586 0.27736827256955
"55" 55 0 0.0459614734773949 1.56658526617324 0.314774649912609 NA 1.58014714037723 55 0 0.0460787688381967 1.5667806564924 0.314762203155217 0.0447695210507271 1.60732234977778
"56" 56 1 -1.59459333971067 2.89545664870545 0.0804850633042636 NA 5.41970213061508 56 1 -1.59482506301741 2.89471272736615 0.0804724842195551 -1.5110870050226 2.93773450977102
"57" 57 1 1.04637464810723 8.01434259658174 3.03174975754765 NA 9.02117468341494 57 1 1.0496121001552 8.00750119654722 3.03185561726813 0.911105871081906 8.07518623591823
"58" 58 1 0.677836797456723 0.538938389729408 6.98704236310232 NA 1.09577787505319 58 1 0.724437774315932 0.481915198125743 6.98755990559664 0.716570281081907 0.586534574754885
"59" 59 1 0.0981683484728367 3.3646313678846 13.2529465022202 NA 3.48144808843846 59 1 0.102137102720045 3.36905701033554 13.2517453056014 0.095818719538835 3.54104974051136
"60" 60 1 1.08543472457384 1.12843795678824 13.1154632414172 NA 2.45668994063171 60 1 1.14665421259194 1.00086252272422 13.1155267588333 1.12195352872196 1.16456070064409
"61" 61 1 -1.50807016193798 0.531014845460186 0.451993439593198 NA 2.83782306536076 61 1 -1.51059422293748 0.523587268887596 0.452017456667225 -1.49453551397316 0.566730651384341
"62" 62 1 -2.93853977743685 5.42539422631164 8.87754076038268 NA 14.0949603953479 62 1 -2.95428315191664 5.30966627410874 8.87746874214177 -2.67685182598204 5.51156454442204
"63" 63 1 -0.665948849539507 1.0222354882224 0.1572090199466 NA 1.48577089882281 63 1 -0.666695455782852 1.02128065761798 0.157210022628739 -0.654126389804589 1.06127592280957
"64" 64 1 -2.18754083125177 1.54307365605593 2.31107987214141 NA 6.35987589407608 64 1 -2.19545246826569 1.50625852401669 2.31118772626989 -2.13222145166265 1.57146924033597
"65" 65 0 0.163617615866635 3.44973061265106 1.96473231044891 NA 3.46985522869233 65 0 0.164574392973356 3.4500803342219 1.96485477199413 0.154194206467135 3.50510567953984
"66" 66 0 0.0701745486305256 0.587797494519733 1.6499869789477 NA 0.636420556368537 66 0 0.0721950775416323 0.588119704314019 1.65014556154621 0.0715838706858502 0.643393412905192
"67" 67 0 0.270239950707178 1.29100093866387 61.8808343653187 NA 1.86292804002201 67 0 0.365271031804454 1.25611105424706 61.8870673798539 0.353046807976248 1.77330082353002
"68" 68 0 -0.106434997904909 2.4914145925384 0.114888772427942 NA 2.49672962907821 68 0 -0.106479031162049 2.49150311959881 0.11487601064428 -0.102308277162774 2.52733474246224
"69" 69 0 -0.27651623265486 3.1883521392896 1.11231912536786 NA 3.25372792212937 69 0 -0.277540321728131 3.1883184554763 1.11224258965537 -0.261564656020678 3.23587860394082
"70" 70 0 0.0831706564340121 0.424856416933676 0.792289928831112 NA 0.469270541600593 70 0 0.0847141584934826 0.424879362836757 0.79231726918999 0.0837878619478697 0.471889546610713
"71" 71 0 -0.0706530776394338 1.4916577786109 0.282092492378975 NA 1.50917516347554 71 0 -0.0707641521445327 1.49175935199715 0.282059942585265 -0.0685318977844469 1.53192724946591
"72" 72 0 -0.0281456299411171 0.74111216510778 20.1021757717618 NA 0.939699688355916 72 0 -0.0346989781571052 0.747112381207386 20.101673723302 -0.0342960198889433 0.960907580542969
"73" 73 0 -0.01637529736318 0.230565604306357 438.581409295905 NA 1.23429343330247 73 0 -0.0790094063070699 0.240879016817272 438.622094201677 -0.0776006818550616 1.27298364493149
"74" 74 1 0.485160588361218 0.612911706585739 0.124132192537696 NA 0.875589136082017 74 1 0.485914993224313 0.61231692148441 0.124136248463454 0.479900786808166 0.652616405290397
"75" 75 1 -0.541219292286786 1.40035690428326 0.232694736130404 NA 1.7073315063897 75 1 -0.542018020395441 1.39954475618973 0.232676437486142 -0.528316048674557 1.43997400013445
"76" 76 1 -0.0379060038298598 0.134805625776091 2516.90755598929 NA 2.09330171983188 76 1 -0.371917700374664 0.132520373938711 2516.77502232543 -0.358355682036394 2.07704100246395
"77" 77 1 0.708827439742223 1.60547479804321 6.80098189580876 NA 2.18492560160456 77 1 0.732239818864125 1.57391781925834 6.8012799163595 0.709449314360664 1.68111639957681
"78" 78 1 0.934002380935549 23.6096195972295 0.294632622171175 NA 24.0661154816295 78 1 0.934130131300706 23.6093392955342 0.294652013219303 0.647825307265784 23.5938464022811
"79" 79 1 1.20525603201809 1.12372517427552 0.19328478667251 NA 2.59504220203498 79 1 1.20618932113303 1.12149054137966 0.193273529151889 1.18032275347857 1.16183779062792
"80" 80 1 0.085383908853996 1.64876001596305 0.431897902427472 NA 1.66706889246292 80 1 0.0856204825702635 1.64883529229559 0.431939126205749 0.083417282580761 1.6910807534096
"81" 81 0 -0.00982345328079127 3.53501535476959 0.81965797183613 NA 3.51485172392029 81 0 -0.00990800803437087 3.53544089990263 0.819668181223551 -0.00919367799886156 3.57706286167147
"82" 82 0 -0.00907093800060501 0.707815168442313 0.0638827475666446 NA 0.732255040944727 82 0 -0.00908874870219466 0.707844853182357 0.0638855687023733 -0.00909876299558427 0.74698033292292
"83" 83 0 0.0922683702380142 1.18776552039612 6.72697562353873 NA 1.28013868478006 83 0 0.0974813056845071 1.18846601490737 6.72641224658566 0.0953697621860686 1.29407153301139
"84" 84 1 -0.858860202089654 3.1101259353703 7.71915264313446 NA 3.90672018854721 84 1 -0.876275545760661 3.08109873903781 7.71831558280174 -0.827112896909321 3.19883949805615
"85" 85 1 -0.276791706321175 2.76672466892746 33.8236229673051 NA 3.1521499436006 85 1 -0.307933528901085 2.75944518951507 33.822019323109 -0.29082936023814 3.11723820404118
"86" 86 1 -0.250049133893312 4.0155402938917 4.51012183808617 NA 4.08654477173498 86 1 -0.252893862212135 4.01550148465318 4.51028252890948 -0.236771221131089 4.09653089163532
"87" 87 0 -0.0854452312977488 0.379547560261786 0.78042985527049 NA 0.42563965964593 87 0 -0.0871475362900291 0.379499802010453 0.780493380712181 -0.0865461977598289 0.426056992973749
"88" 88 1 1.42467963357703 26.9627868037763 0.117266033985741 NA 28.535874280979 88 1 1.42471218553706 26.9623612378164 0.117271298492232 0.947753212910995 27.0390712782682
"89" 89 0 -0.0121361315806841 0.330037670521116 3.13096297414721 NA 0.39222424615825 89 0 -0.0132539706348367 0.330958021474424 3.13111234221212 -0.0132363566406321 0.400190853446363
"90" 90 1 -1.36451390435752 1.63035154032038 0.86189239726056 NA 3.51114946759629 90 1 -1.36803135502905 1.62058191401489 0.86194047506182 -1.32580853513667 1.66919121835214
"91" 91 1 -1.15105003392038 0.320344056000349 0.423319700669324 NA 1.68188005512686 91 1 -1.1541101137914 0.313844999168215 0.423314123715178 -1.14615467385118 0.356925185094633
"92" 92 1 -0.531357003854139 17.1011829746427 0.268536063422613 NA 17.092343548986 92 1 -0.531431119717376 17.1013220172038 0.26851416918762 -0.404459522717371 17.0784640661253
"93" 93 0 -0.0465023921129431 0.307137302249224 1724.95513518774 NA 2.62111051663139 93 0 -0.306899678188659 0.331929087385599 1725.29580586086 -0.2923149290875 2.74874782788685
"94" 94 0 -0.0104544274782391 0.580847013245389 11.9047773973082 NA 0.715177474609942 94 0 -0.0124622189532397 0.584949894161601 11.9040668881116 -0.0120271980440377 0.731407895637632
"95" 95 0 -0.0261630056503929 0.829077888673694 133.26558907887 NA 1.60517488032774 95 0 -0.0491660509154026 0.854932464253774 133.256639809959 -0.0475869309217958 1.65776930508392
"96" 96 1 0.277945416695502 1.39744404513605 81.7198862382573 NA 2.10278143341658 96 1 0.393240710272774 1.35406008258053 81.7247248915053 0.37881078384908 1.99793292706695
"97" 97 0 0.0829785225430924 0.245151998054015 0.896706165746862 NA 0.294633105381036 97 0 0.0857281351088956 0.245085238140215 0.896608870201577 0.0853806036423083 0.292831171940678
"98" 98 0 -0.0305691904576092 0.466036285116782 0.848996842075823 NA 0.504713646829473 98 0 -0.0311070820381018 0.466261650956681 0.849013883512145 -0.0306402137165457 0.513545254867145
"99" 99 0 -0.0661791277600826 0.498115985038474 15.0141135281926 NA 0.658773301158727 99 0 -0.0826475979036218 0.500750472048764 15.0140404483581 -0.0815585912079216 0.667525195457399
"100" 100 1 0.231420345223425 0.525176959062446 0.554432546028992 NA 0.612418485923329 100 1 0.233679415726075 0.524415355999268 0.554529704859633 0.231218075115121 0.568619125285795
