dataset,true_model,m0_prob,m1_prob,selected_model,bayes_factor,training_time,inference_time,final_epoch_loss
1,0,0.8306565880775452,0.16934341192245483,0,0.20386693412542456,160.79096840000057,0.05594339999879594,0.4744330942630768
2,1,5.5670738220214844e-05,0.9999443292617798,1,17961.758029978588,160.79096840000057,0.05594339999879594,0.4744330942630768
3,1,0.5505998134613037,0.4494001865386963,0,0.8162011238499634,160.79096840000057,0.05594339999879594,0.4744330942630768
4,0,0.8561135083436966,0.1438864916563034,0,0.168069409317787,160.79096840000057,0.05594339999879594,0.4744330942630768
5,0,0.5523859262466431,0.44761407375335693,0,0.8103285266422502,160.79096840000057,0.05594339999879594,0.4744330942630768
6,0,0.6063176095485687,0.3936823904514313,0,0.6493006045866718,160.79096840000057,0.05594339999879594,0.4744330942630768
7,0,0.6885133683681488,0.3114866316318512,0,0.4524046241398453,160.79096840000057,0.05594339999879594,0.4744330942630768
8,0,0.6738699972629547,0.3261300027370453,0,0.48396575609788456,160.79096840000057,0.05594339999879594,0.4744330942630768
9,1,0.3408377766609192,0.6591622233390808,1,1.933947081208798,160.79096840000057,0.05594339999879594,0.4744330942630768
10,0,0.9191896244883537,0.08081037551164627,0,0.08791480382149391,160.79096840000057,0.05594339999879594,0.4744330942630768
11,1,0.012022256851196289,0.9879777431488037,1,82.179058006941,160.79096840000057,0.05594339999879594,0.4744330942630768
12,1,0.01095801591873169,0.9890419840812683,1,90.25739617612663,160.79096840000057,0.05594339999879594,0.4744330942630768
13,0,0.8352674394845963,0.16473256051540375,0,0.19722133621903468,160.79096840000057,0.05594339999879594,0.4744330942630768
14,1,0.3999575972557068,0.6000424027442932,1,1.5002650452484474,160.79096840000057,0.05594339999879594,0.4744330942630768
15,1,0.057135820388793945,0.942864179611206,1,16.502155271338854,160.79096840000057,0.05594339999879594,0.4744330942630768
16,1,0.7489677369594574,0.2510322630405426,0,0.33517099689720187,160.79096840000057,0.05594339999879594,0.4744330942630768
17,0,0.580173522233963,0.419826477766037,0,0.7236222641624381,160.79096840000057,0.05594339999879594,0.4744330942630768
18,0,0.8542317599058151,0.14576824009418488,0,0.17064249649328986,160.79096840000057,0.05594339999879594,0.4744330942630768
19,1,0.021211743354797363,0.9787882566452026,1,46.143696926440256,160.79096840000057,0.05594339999879594,0.4744330942630768
20,0,0.5086261928081512,0.49137380719184875,0,0.9660804224000907,160.79096840000057,0.05594339999879594,0.4744330942630768
21,0,0.7047310173511505,0.2952689826488495,0,0.418981108222918,160.79096840000057,0.05594339999879594,0.4744330942630768
22,1,0.0012132525444030762,0.9987867474555969,1,823.2307049864899,160.79096840000057,0.05594339999879594,0.4744330942630768
23,0,0.8907959014177322,0.10920409858226776,0,0.12259160421423773,160.79096840000057,0.05594339999879594,0.4744330942630768
24,0,0.8422051966190338,0.1577948033809662,0,0.18735909492653446,160.79096840000057,0.05594339999879594,0.4744330942630768
25,1,0.49789559841156006,0.5021044015884399,1,1.0084531841420314,160.79096840000057,0.05594339999879594,0.4744330942630768
26,0,0.6617688834667206,0.3382311165332794,0,0.51110157183794,160.79096840000057,0.05594339999879594,0.4744330942630768
27,1,0.0011434555053710938,0.9988565444946289,1,873.5421184320267,160.79096840000057,0.05594339999879594,0.4744330942630768
28,0,0.4158669114112854,0.5841330885887146,1,1.4046154492224479,160.79096840000057,0.05594339999879594,0.4744330942630768
29,1,0.7172388732433319,0.2827611267566681,0,0.3942356407399268,160.79096840000057,0.05594339999879594,0.4744330942630768
30,1,0.5343731939792633,0.4656268060207367,0,0.8713513538233463,160.79096840000057,0.05594339999879594,0.4744330942630768
31,0,0.8879035860300064,0.11209641396999359,0,0.12624840774796164,160.79096840000057,0.05594339999879594,0.4744330942630768
32,0,0.8062021136283875,0.19379788637161255,0,0.24038374880885288,160.79096840000057,0.05594339999879594,0.4744330942630768
33,1,0.652488499879837,0.34751150012016296,0,0.5325940613269982,160.79096840000057,0.05594339999879594,0.4744330942630768
34,1,0.013777673244476318,0.9862223267555237,1,71.58119584167925,160.79096840000057,0.05594339999879594,0.4744330942630768
35,0,0.8974050730466843,0.10259492695331573,0,0.11432398816847184,160.79096840000057,0.05594339999879594,0.4744330942630768
36,0,0.7037067413330078,0.2962932586669922,0,0.4210464974454187,160.79096840000057,0.05594339999879594,0.4744330942630768
37,0,0.7004874050617218,0.2995125949382782,0,0.4275774164874347,160.79096840000057,0.05594339999879594,0.4744330942630768
38,0,0.7789462506771088,0.22105374932289124,0,0.28378562594111917,160.79096840000057,0.05594339999879594,0.4744330942630768
39,1,0.8727179169654846,0.12728208303451538,0,0.145845616963023,160.79096840000057,0.05594339999879594,0.4744330942630768
40,1,0.023870527744293213,0.9761294722557068,1,40.89266407145408,160.79096840000057,0.05594339999879594,0.4744330942630768
41,1,0.7637050151824951,0.23629498481750488,0,0.30940609282373216,160.79096840000057,0.05594339999879594,0.4744330942630768
42,0,0.9258944913744926,0.07410550862550735,0,0.08003666650559454,160.79096840000057,0.05594339999879594,0.4744330942630768
43,0,0.868675172328949,0.13132482767105103,0,0.15117829063649246,160.79096840000057,0.05594339999879594,0.4744330942630768
44,0,0.9137375801801682,0.08626241981983185,0,0.09440612019352741,160.79096840000057,0.05594339999879594,0.4744330942630768
45,1,0.2261216640472412,0.7738783359527588,1,3.4223980228231494,160.79096840000057,0.05594339999879594,0.4744330942630768
46,0,0.8264104872941971,0.17358951270580292,0,0.21005240782236845,160.79096840000057,0.05594339999879594,0.4744330942630768
47,0,0.9230577796697617,0.07694222033023834,0,0.08335580071462657,160.79096840000057,0.05594339999879594,0.4744330942630768
48,1,0.5544694066047668,0.44553059339523315,0,0.8035260162023931,160.79096840000057,0.05594339999879594,0.4744330942630768
49,0,0.6358167231082916,0.3641832768917084,0,0.5727802740250999,160.79096840000057,0.05594339999879594,0.4744330942630768
50,1,6.54458999633789e-05,0.9999345541000366,1,15278.795992714025,160.79096840000057,0.05594339999879594,0.4744330942630768
51,0,0.7258492112159729,0.2741507887840271,0,0.3776966132190986,160.79096840000057,0.05594339999879594,0.4744330942630768
52,0,0.916338637471199,0.08366136252880096,0,0.09129961250971531,160.79096840000057,0.05594339999879594,0.4744330942630768
53,1,9.5367431640625e-05,0.9999046325683594,1,10484.76,160.79096840000057,0.05594339999879594,0.4744330942630768
54,1,0.004445016384124756,0.9955549836158752,1,223.9710492792491,160.79096840000057,0.05594339999879594,0.4744330942630768
55,0,0.8141964673995972,0.18580353260040283,0,0.2282047884509094,160.79096840000057,0.05594339999879594,0.4744330942630768
56,1,0.00591808557510376,0.9940819144248962,1,167.97356202600488,160.79096840000057,0.05594339999879594,0.4744330942630768
57,1,0.28702855110168457,0.7129714488983154,1,2.483973967613186,160.79096840000057,0.05594339999879594,0.4744330942630768
58,1,0.0235329270362854,0.9764670729637146,1,41.49365148917093,160.79096840000057,0.05594339999879594,0.4744330942630768
59,1,0.8069210946559906,0.1930789053440094,0,0.23927854485737973,160.79096840000057,0.05594339999879594,0.4744330942630768
60,1,0.006651341915130615,0.9933486580848694,1,149.34560134777894,160.79096840000057,0.05594339999879594,0.4744330942630768
61,1,0.00013136863708496094,0.999868631362915,1,7611.166969147005,160.79096840000057,0.05594339999879594,0.4744330942630768
62,1,0.00021892786026000977,0.99978107213974,1,4566.714674652872,160.79096840000057,0.05594339999879594,0.4744330942630768
63,1,0.059268951416015625,0.9407310485839844,1,15.872240458260926,160.79096840000057,0.05594339999879594,0.4744330942630768
64,1,9.560585021972656e-05,0.9999043941497803,1,10458.610972568578,160.79096840000057,0.05594339999879594,0.4744330942630768
65,0,0.7657426595687866,0.23425734043121338,0,0.30592175779148956,160.79096840000057,0.05594339999879594,0.4744330942630768
66,0,0.9202797040343285,0.07972029596567154,0,0.08662615899947936,160.79096840000057,0.05594339999879594,0.4744330942630768
67,0,0.696414589881897,0.303585410118103,0,0.43592626364934034,160.79096840000057,0.05594339999879594,0.4744330942630768
68,0,0.7265363335609436,0.2734636664390564,0,0.3763936554951627,160.79096840000057,0.05594339999879594,0.4744330942630768
69,0,0.7518582940101624,0.24814170598983765,0,0.33003786480339564,160.79096840000057,0.05594339999879594,0.4744330942630768
70,0,0.9171026572585106,0.08289734274148941,0,0.09039047274085317,160.79096840000057,0.05594339999879594,0.4744330942630768
71,0,0.7877130210399628,0.21228697896003723,0,0.2694978669766935,160.79096840000057,0.05594339999879594,0.4744330942630768
72,0,0.8978079035878181,0.10219209641218185,0,0.1138240106862526,160.79096840000057,0.05594339999879594,0.4744330942630768
73,0,0.6465308964252472,0.3534691035747528,0,0.5467164918631563,160.79096840000057,0.05594339999879594,0.4744330942630768
74,1,0.09685838222503662,0.9031416177749634,1,9.324351667124098,160.79096840000057,0.05594339999879594,0.4744330942630768
75,1,0.36094313859939575,0.6390568614006042,1,1.7705194892480887,160.79096840000057,0.05594339999879594,0.4744330942630768
76,1,0.5709643065929413,0.4290356934070587,0,0.7514229671679494,160.79096840000057,0.05594339999879594,0.4744330942630768
77,1,0.07293695211410522,0.9270630478858948,1,12.710471455340821,160.79096840000057,0.05594339999879594,0.4744330942630768
78,1,0.5307098627090454,0.4692901372909546,0,0.8842687318743813,160.79096840000057,0.05594339999879594,0.4744330942630768
79,1,0.0012249350547790527,0.998775064945221,1,815.3698116879957,160.79096840000057,0.05594339999879594,0.4744330942630768
80,1,0.7743448317050934,0.22565516829490662,0,0.2914143144702316,160.79096840000057,0.05594339999879594,0.4744330942630768
81,0,0.7304317653179169,0.26956823468208313,0,0.36905327435308743,160.79096840000057,0.05594339999879594,0.4744330942630768
82,0,0.8725734949111938,0.12742650508880615,0,0.14603526904260938,160.79096840000057,0.05594339999879594,0.4744330942630768
83,0,0.8782855048775673,0.12171449512243271,0,0.13858192404006447,160.79096840000057,0.05594339999879594,0.4744330942630768
84,1,0.2529723048210144,0.7470276951789856,1,2.9530018936560283,160.79096840000057,0.05594339999879594,0.4744330942630768
85,1,0.7992421388626099,0.20075786113739014,0,0.2511852808750622,160.79096840000057,0.05594339999879594,0.4744330942630768
86,1,0.7389248013496399,0.2610751986503601,0,0.35331768290022,160.79096840000057,0.05594339999879594,0.4744330942630768
87,0,0.9263501092791557,0.07364989072084427,0,0.07950545909489375,160.79096840000057,0.05594339999879594,0.4744330942630768
88,1,0.31615835428237915,0.6838416457176208,1,2.162971929904603,160.79096840000057,0.05594339999879594,0.4744330942630768
89,0,0.9395252242684364,0.06047477573156357,0,0.0643673785114736,160.79096840000057,0.05594339999879594,0.4744330942630768
90,1,0.0028780102729797363,0.9971219897270203,1,346.4622760691726,160.79096840000057,0.05594339999879594,0.4744330942630768
91,1,0.0003590583801269531,0.999640941619873,1,2784.062416998672,160.79096840000057,0.05594339999879594,0.4744330942630768
92,1,0.51955246925354,0.48044753074645996,0,0.9247334180448347,160.79096840000057,0.05594339999879594,0.4744330942630768
93,0,0.6022522747516632,0.3977477252483368,0,0.6604337449988824,160.79096840000057,0.05594339999879594,0.4744330942630768
94,0,0.916752927005291,0.08324707299470901,0,0.09080644363650726,160.79096840000057,0.05594339999879594,0.4744330942630768
95,0,0.7355340123176575,0.26446598768234253,0,0.359556435533163,160.79096840000057,0.05594339999879594,0.4744330942630768
96,1,0.7075474858283997,0.29245251417160034,0,0.4133327020859889,160.79096840000057,0.05594339999879594,0.4744330942630768
97,0,0.9125852584838867,0.08741474151611328,0,0.09578802714974684,160.79096840000057,0.05594339999879594,0.4744330942630768
98,0,0.9219444170594215,0.07805558294057846,0,0.08466408765675902,160.79096840000057,0.05594339999879594,0.4744330942630768
99,0,0.9049594700336456,0.09504052996635437,0,0.10502186353475128,160.79096840000057,0.05594339999879594,0.4744330942630768
100,1,0.7573770135641098,0.2426229864358902,0,0.3203463824365893,160.79096840000057,0.05594339999879594,0.4744330942630768
