dataset,true_model,m0_prob,m1_prob,selected_model,bayes_factor,training_time,inference_time,final_epoch_loss
1,0,0.8547589480876923,0.14524105191230774,0,0.16992048136758087,702.2307982,0.1830922000000328,0.4513867199420929
2,1,0.0002562999725341797,0.9997437000274658,1,3900.678139534884,702.2307982,0.1830922000000328,0.4513867199420929
3,1,0.4172250032424927,0.5827749967575073,1,1.3967882850462736,702.2307982,0.1830922000000328,0.4513867199420929
4,0,0.5914015769958496,0.4085984230041504,0,0.6908984333111068,702.2307982,0.1830922000000328,0.4513867199420929
5,0,0.6116405129432678,0.3883594870567322,0,0.6349472914864849,702.2307982,0.1830922000000328,0.4513867199420929
6,0,0.4726755619049072,0.5273244380950928,1,1.1156160389801997,702.2307982,0.1830922000000328,0.4513867199420929
7,0,0.6676490902900696,0.3323509097099304,0,0.4977927994562771,702.2307982,0.1830922000000328,0.4513867199420929
8,0,0.6334457099437714,0.36655429005622864,0,0.5786672548287781,702.2307982,0.1830922000000328,0.4513867199420929
9,1,0.14105236530303955,0.8589476346969604,1,6.0895656223245975,702.2307982,0.1830922000000328,0.4513867199420929
10,0,0.6839963793754578,0.31600362062454224,0,0.46199604289291457,702.2307982,0.1830922000000328,0.4513867199420929
11,1,0.00605463981628418,0.9939453601837158,1,164.16259106123252,702.2307982,0.1830922000000328,0.4513867199420929
12,1,0.003692805767059326,0.9963071942329407,1,269.7968041320313,702.2307982,0.1830922000000328,0.4513867199420929
13,0,0.8005340397357941,0.19946596026420593,0,0.2491661195694278,702.2307982,0.1830922000000328,0.4513867199420929
14,1,0.09704065322875977,0.9029593467712402,1,9.304959485821266,702.2307982,0.1830922000000328,0.4513867199420929
15,1,0.00934988260269165,0.9906501173973083,1,105.95321454754088,702.2307982,0.1830922000000328,0.4513867199420929
16,1,0.7302477061748505,0.26975229382514954,0,0.3693983446222015,702.2307982,0.1830922000000328,0.4513867199420929
17,0,0.3978500962257385,0.6021499037742615,1,1.5135095089498334,702.2307982,0.1830922000000328,0.4513867199420929
18,0,0.8595318794250488,0.14046812057495117,0,0.16342397988648424,702.2307982,0.1830922000000328,0.4513867199420929
19,1,0.0065468549728393555,0.9934531450271606,1,151.7450973251516,702.2307982,0.1830922000000328,0.4513867199420929
20,0,0.3769133687019348,0.6230866312980652,1,1.6531295598347575,702.2307982,0.1830922000000328,0.4513867199420929
21,0,0.7141220271587372,0.2858779728412628,0,0.40032090030702416,702.2307982,0.1830922000000328,0.4513867199420929
22,1,0.0007941126823425293,0.9992058873176575,1,1258.2671320273212,702.2307982,0.1830922000000328,0.4513867199420929
23,0,0.8525082767009735,0.1474917232990265,0,0.17300913941831536,702.2307982,0.1830922000000328,0.4513867199420929
24,0,0.8310366272926331,0.16896337270736694,0,0.20331639684500916,702.2307982,0.1830922000000328,0.4513867199420929
25,1,0.22569143772125244,0.7743085622787476,1,3.4308282586913315,702.2307982,0.1830922000000328,0.4513867199420929
26,0,0.666891872882843,0.333108127117157,0,0.49949345712850834,702.2307982,0.1830922000000328,0.4513867199420929
27,1,0.0012230873107910156,0.998776912689209,1,816.603118908382,702.2307982,0.1830922000000328,0.4513867199420929
28,0,0.6194739937782288,0.38052600622177124,0,0.6142727701947716,702.2307982,0.1830922000000328,0.4513867199420929
29,1,0.3756290674209595,0.6243709325790405,1,1.6622007899067124,702.2307982,0.1830922000000328,0.4513867199420929
30,1,0.39766424894332886,0.6023357510566711,1,1.5146841906386963,702.2307982,0.1830922000000328,0.4513867199420929
31,0,0.7088605463504791,0.2911394536495209,0,0.41071470989383285,702.2307982,0.1830922000000328,0.4513867199420929
32,0,0.6603348851203918,0.33966511487960815,0,0.5143831145884117,702.2307982,0.1830922000000328,0.4513867199420929
33,1,0.6359836459159851,0.3640163540840149,0,0.572367475833022,702.2307982,0.1830922000000328,0.4513867199420929
34,1,0.0032273530960083008,0.9967726469039917,1,308.8514387027666,702.2307982,0.1830922000000328,0.4513867199420929
35,0,0.8704356253147125,0.12956437468528748,0,0.1488500365991368,702.2307982,0.1830922000000328,0.4513867199420929
36,0,0.44600212574005127,0.5539978742599487,1,1.2421417797969014,702.2307982,0.1830922000000328,0.4513867199420929
37,0,0.7403049767017365,0.25969502329826355,0,0.35079464743743416,702.2307982,0.1830922000000328,0.4513867199420929
38,0,0.4957156777381897,0.5042843222618103,1,1.0172854015082131,702.2307982,0.1830922000000328,0.4513867199420929
39,1,0.6226463615894318,0.37735363841056824,0,0.6060480903595038,702.2307982,0.1830922000000328,0.4513867199420929
40,1,0.009672105312347412,0.9903278946876526,1,102.39010667340436,702.2307982,0.1830922000000328,0.4513867199420929
41,1,0.43111783266067505,0.568882167339325,1,1.3195514642213413,702.2307982,0.1830922000000328,0.4513867199420929
42,0,0.8762623071670532,0.12373769283294678,0,0.14121079021758842,702.2307982,0.1830922000000328,0.4513867199420929
43,0,0.8503513634204865,0.14964863657951355,0,0.17598447302719789,702.2307982,0.1830922000000328,0.4513867199420929
44,0,0.81254643201828,0.18745356798171997,0,0.23069889989684034,702.2307982,0.1830922000000328,0.4513867199420929
45,1,0.05364137887954712,0.9463586211204529,1,17.64232465473197,702.2307982,0.1830922000000328,0.4513867199420929
46,0,0.8046981692314148,0.1953018307685852,0,0.24270196980207168,702.2307982,0.1830922000000328,0.4513867199420929
47,0,0.8783507943153381,0.12164920568466187,0,0.13849729114150308,702.2307982,0.1830922000000328,0.4513867199420929
48,1,0.43449270725250244,0.5655072927474976,1,1.3015346018658418,702.2307982,0.1830922000000328,0.4513867199420929
49,0,0.6751737594604492,0.3248262405395508,0,0.48110021455681096,702.2307982,0.1830922000000328,0.4513867199420929
50,1,0.00035774707794189453,0.9996422529220581,1,2794.270909696768,702.2307982,0.1830922000000328,0.4513867199420929
51,0,0.6525390148162842,0.3474609851837158,0,0.532475418778661,702.2307982,0.1830922000000328,0.4513867199420929
52,0,0.8812073469161987,0.11879265308380127,0,0.134806698445625,702.2307982,0.1830922000000328,0.4513867199420929
53,1,0.00036454200744628906,0.9996354579925537,1,2742.1680837148465,702.2307982,0.1830922000000328,0.4513867199420929
54,1,0.001365959644317627,0.9986340403556824,1,731.0860496574595,702.2307982,0.1830922000000328,0.4513867199420929
55,0,0.8127501010894775,0.18724989891052246,0,0.23039049599565375,702.2307982,0.1830922000000328,0.4513867199420929
56,1,0.00441819429397583,0.9955818057060242,1,225.33680944350758,702.2307982,0.1830922000000328,0.4513867199420929
57,1,0.11939257383346558,0.8806074261665344,1,7.375730314641239,702.2307982,0.1830922000000328,0.4513867199420929
58,1,0.007451057434082031,0.992548942565918,1,133.20913861512864,702.2307982,0.1830922000000328,0.4513867199420929
59,1,0.8269930779933929,0.17300692200660706,0,0.20919996383329975,702.2307982,0.1830922000000328,0.4513867199420929
60,1,0.002466559410095215,0.9975334405899048,1,404.42303416944566,702.2307982,0.1830922000000328,0.4513867199420929
61,1,0.000425875186920166,0.9995741248130798,1,2347.1058082575228,702.2307982,0.1830922000000328,0.4513867199420929
62,1,0.0006082057952880859,0.9993917942047119,1,1643.1803214425715,702.2307982,0.1830922000000328,0.4513867199420929
63,1,0.01283252239227295,0.987167477607727,1,76.92700214590282,702.2307982,0.1830922000000328,0.4513867199420929
64,1,0.0003801584243774414,0.9996198415756226,1,2629.4822828472875,702.2307982,0.1830922000000328,0.4513867199420929
65,0,0.7715275287628174,0.22847247123718262,0,0.2961300312946053,702.2307982,0.1830922000000328,0.4513867199420929
66,0,0.8906590044498444,0.10934099555015564,0,0.12276414992031101,702.2307982,0.1830922000000328,0.4513867199420929
67,0,0.5207616984844208,0.4792383015155792,0,0.9202641110325748,702.2307982,0.1830922000000328,0.4513867199420929
68,0,0.7259895205497742,0.27401047945022583,0,0.37743035084407883,702.2307982,0.1830922000000328,0.4513867199420929
69,0,0.7211514115333557,0.2788485884666443,0,0.38667134807895553,702.2307982,0.1830922000000328,0.4513867199420929
70,0,0.8932384550571442,0.10676154494285583,0,0.11952188616423355,702.2307982,0.1830922000000328,0.4513867199420929
71,0,0.7968236804008484,0.2031763195991516,0,0.25498278301285193,702.2307982,0.1830922000000328,0.4513867199420929
72,0,0.8156688809394836,0.18433111906051636,0,0.225987681236784,702.2307982,0.1830922000000328,0.4513867199420929
73,0,0.7118927836418152,0.2881072163581848,0,0.4047059093425848,702.2307982,0.1830922000000328,0.4513867199420929
74,1,0.032237887382507324,0.9677621126174927,1,30.019402361415665,702.2307982,0.1830922000000328,0.4513867199420929
75,1,0.09992748498916626,0.9000725150108337,1,9.007256763326087,702.2307982,0.1830922000000328,0.4513867199420929
76,1,0.38601094484329224,0.6139890551567078,1,1.5906001199162039,702.2307982,0.1830922000000328,0.4513867199420929
77,1,0.020208120346069336,0.9797918796539307,1,48.48505763399757,702.2307982,0.1830922000000328,0.4513867199420929
78,1,0.5275277495384216,0.47247225046157837,0,0.8956348758429942,702.2307982,0.1830922000000328,0.4513867199420929
79,1,0.0017417073249816895,0.9982582926750183,1,573.1492762054687,702.2307982,0.1830922000000328,0.4513867199420929
80,1,0.7688083350658417,0.23119166493415833,0,0.30071430601016935,702.2307982,0.1830922000000328,0.4513867199420929
81,0,0.7616085708141327,0.2383914291858673,0,0.3130104338650434,702.2307982,0.1830922000000328,0.4513867199420929
82,0,0.8798610270023346,0.1201389729976654,0,0.13654312364189605,702.2307982,0.1830922000000328,0.4513867199420929
83,0,0.8508628308773041,0.14913716912269592,0,0.17527756967468447,702.2307982,0.1830922000000328,0.4513867199420929
84,1,0.052769482135772705,0.9472305178642273,1,17.95034704769435,702.2307982,0.1830922000000328,0.4513867199420929
85,1,0.6571583151817322,0.3428416848182678,0,0.5217033352510461,702.2307982,0.1830922000000328,0.4513867199420929
86,1,0.7235909700393677,0.2764090299606323,0,0.38199624014875977,702.2307982,0.1830922000000328,0.4513867199420929
87,0,0.7983631193637848,0.2016368806362152,0,0.25256286988419446,702.2307982,0.1830922000000328,0.4513867199420929
88,1,0.22383123636245728,0.7761687636375427,1,3.467651683702748,702.2307982,0.1830922000000328,0.4513867199420929
89,0,0.8741069734096527,0.1258930265903473,0,0.1440247365826095,702.2307982,0.1830922000000328,0.4513867199420929
90,1,0.002256155014038086,0.9977438449859619,1,442.231956039311,702.2307982,0.1830922000000328,0.4513867199420929
91,1,0.0006632804870605469,0.9993367195129395,1,1506.6578001437815,702.2307982,0.1830922000000328,0.4513867199420929
92,1,0.4959084391593933,0.5040915608406067,1,1.0165012753061522,702.2307982,0.1830922000000328,0.4513867199420929
93,0,0.5120922327041626,0.4879077672958374,0,0.9527732235253475,702.2307982,0.1830922000000328,0.4513867199420929
94,0,0.8604771494865417,0.13952285051345825,0,0.16214591008804058,702.2307982,0.1830922000000328,0.4513867199420929
95,0,0.7932275235652924,0.20677247643470764,0,0.2606723421614703,702.2307982,0.1830922000000328,0.4513867199420929
96,1,0.4545673727989197,0.5454326272010803,1,1.199893920768386,702.2307982,0.1830922000000328,0.4513867199420929
97,0,0.8732112646102905,0.12678873538970947,0,0.14519823612936852,702.2307982,0.1830922000000328,0.4513867199420929
98,0,0.8808704316616058,0.11912956833839417,0,0.13524073922390306,702.2307982,0.1830922000000328,0.4513867199420929
99,0,0.8317733407020569,0.16822665929794312,0,0.2022506024970116,702.2307982,0.1830922000000328,0.4513867199420929
100,1,0.5892266929149628,0.41077330708503723,0,0.6971396781990663,702.2307982,0.1830922000000328,0.4513867199420929
