dataset,true_model,m0_prob,m1_prob,selected_model,bayes_factor,training_time,inference_time,final_epoch_loss
1,0,0.8292448967695236,0.17075510323047638,0,0.2059163751211305,463.9865467999999,0.013997799999970084,0.41006988286972046
2,1,0.0,1.0,1,inf,463.9865467999999,0.013997799999970084,0.41006988286972046
3,1,0.7163213193416595,0.28367868065834045,0,0.39602155205858935,463.9865467999999,0.013997799999970084,0.41006988286972046
4,0,0.660178005695343,0.339821994304657,0,0.5147429804886245,463.9865467999999,0.013997799999970084,0.41006988286972046
5,0,0.5389556586742401,0.4610443413257599,0,0.8554402090514611,463.9865467999999,0.013997799999970084,0.41006988286972046
6,0,0.45352524518966675,0.5464747548103333,1,1.2049489209399897,463.9865467999999,0.013997799999970084,0.41006988286972046
7,0,0.6102147996425629,0.38978520035743713,0,0.6387672022798467,463.9865467999999,0.013997799999970084,0.41006988286972046
8,0,0.5723310708999634,0.4276689291000366,0,0.7472404537247079,463.9865467999999,0.013997799999970084,0.41006988286972046
9,1,0.10533493757247925,0.8946650624275208,1,8.493526298545687,463.9865467999999,0.013997799999970084,0.41006988286972046
10,0,0.8250942379236221,0.17490576207637787,0,0.21198277001247057,463.9865467999999,0.013997799999970084,0.41006988286972046
11,1,0.0003153085708618164,0.9996846914291382,1,3170.4964083175805,463.9865467999999,0.013997799999970084,0.41006988286972046
12,1,0.0003254413604736328,0.9996745586395264,1,3071.750183150183,463.9865467999999,0.013997799999970084,0.41006988286972046
13,0,0.7778975665569305,0.22210243344306946,0,0.2855162980212445,463.9865467999999,0.013997799999970084,0.41006988286972046
14,1,0.04213434457778931,0.9578656554222107,1,22.733607583565924,463.9865467999999,0.013997799999970084,0.41006988286972046
15,1,0.000731050968170166,0.9992689490318298,1,1366.8936812066856,463.9865467999999,0.013997799999970084,0.41006988286972046
16,1,0.7798595726490021,0.22014042735099792,0,0.28228213779979894,463.9865467999999,0.013997799999970084,0.41006988286972046
17,0,0.5942445695400238,0.4057554304599762,0,0.6828088151887564,463.9865467999999,0.013997799999970084,0.41006988286972046
18,0,0.8529514372348785,0.14704856276512146,0,0.17239968929746755,463.9865467999999,0.013997799999970084,0.41006988286972046
19,1,0.00013303756713867188,0.9998669624328613,1,7515.673835125448,463.9865467999999,0.013997799999970084,0.41006988286972046
20,0,0.33801883459091187,0.6619811654090881,1,1.9584150279976336,463.9865467999999,0.013997799999970084,0.41006988286972046
21,0,0.6596598625183105,0.34034013748168945,0,0.5159327659900521,463.9865467999999,0.013997799999970084,0.41006988286972046
22,1,3.933906555175781e-06,0.9999960660934448,1,254199.24242424243,463.9865467999999,0.013997799999970084,0.41006988286972046
23,0,0.8547571897506714,0.1452428102493286,0,0.16992288803291056,463.9865467999999,0.013997799999970084,0.41006988286972046
24,0,0.8845522627234459,0.11544773727655411,0,0.13051545074465395,463.9865467999999,0.013997799999970084,0.41006988286972046
25,1,0.3190574645996094,0.6809425354003906,1,2.1342316383505304,463.9865467999999,0.013997799999970084,0.41006988286972046
26,0,0.6445903778076172,0.3554096221923828,0,0.551372832156141,463.9865467999999,0.013997799999970084,0.41006988286972046
27,1,1.5497207641601562e-06,0.9999984502792358,1,645276.5384615385,463.9865467999999,0.013997799999970084,0.41006988286972046
28,0,0.3784462809562683,0.6215537190437317,1,1.6423829492343613,463.9865467999999,0.013997799999970084,0.41006988286972046
29,1,0.33460843563079834,0.6653915643692017,1,1.9885678109543663,463.9865467999999,0.013997799999970084,0.41006988286972046
30,1,0.46358025074005127,0.5364197492599487,1,1.157123817081547,463.9865467999999,0.013997799999970084,0.41006988286972046
31,0,0.8056762367486954,0.19432376325130463,0,0.24119336575632133,463.9865467999999,0.013997799999970084,0.41006988286972046
32,0,0.6310721337795258,0.36892786622047424,0,0.5846049072250187,463.9865467999999,0.013997799999970084,0.41006988286972046
33,1,0.575275719165802,0.424724280834198,0,0.7382969012668983,463.9865467999999,0.013997799999970084,0.41006988286972046
34,1,0.00012218952178955078,0.9998778104782104,1,8183.007804878049,463.9865467999999,0.013997799999970084,0.41006988286972046
35,0,0.877456933259964,0.12254306674003601,0,0.13965707272351133,463.9865467999999,0.013997799999970084,0.41006988286972046
36,0,0.38067740201950073,0.6193225979804993,1,1.6268961453844681,463.9865467999999,0.013997799999970084,0.41006988286972046
37,0,0.7246430516242981,0.2753569483757019,0,0.37998977256248473,463.9865467999999,0.013997799999970084,0.41006988286972046
38,0,0.4649326205253601,0.5350673794746399,1,1.1508492969799142,463.9865467999999,0.013997799999970084,0.41006988286972046
39,1,0.659759521484375,0.340240478515625,0,0.5157037790832139,463.9865467999999,0.013997799999970084,0.41006988286972046
40,1,0.0008375644683837891,0.9991624355316162,1,1192.9379447765443,463.9865467999999,0.013997799999970084,0.41006988286972046
41,1,0.36775100231170654,0.6322489976882935,1,1.7192312018565155,463.9865467999999,0.013997799999970084,0.41006988286972046
42,0,0.9353456348180771,0.06465436518192291,0,0.06912350127607968,463.9865467999999,0.013997799999970084,0.41006988286972046
43,0,0.8701435476541519,0.12985645234584808,0,0.1492356665701105,463.9865467999999,0.013997799999970084,0.41006988286972046
44,0,0.8461938947439194,0.15380610525608063,0,0.18176224883142938,463.9865467999999,0.013997799999970084,0.41006988286972046
45,1,0.021886110305786133,0.9781138896942139,1,44.69107922916871,463.9865467999999,0.013997799999970084,0.41006988286972046
46,0,0.8315356522798538,0.16846434772014618,0,0.20259425709319967,463.9865467999999,0.013997799999970084,0.41006988286972046
47,0,0.9149719551205635,0.08502804487943649,0,0.09292967331248154,463.9865467999999,0.013997799999970084,0.41006988286972046
48,1,0.4746552109718323,0.5253447890281677,1,1.1067924187591898,463.9865467999999,0.013997799999970084,0.41006988286972046
49,0,0.6973251402378082,0.3026748597621918,0,0.4340512657538359,463.9865467999999,0.013997799999970084,0.41006988286972046
50,1,0.0,1.0,1,inf,463.9865467999999,0.013997799999970084,0.41006988286972046
51,0,0.7496340274810791,0.2503659725189209,0,0.33398426877739373,463.9865467999999,0.013997799999970084,0.41006988286972046
52,0,0.9047388434410095,0.09526115655899048,0,0.10529133047574481,463.9865467999999,0.013997799999970084,0.41006988286972046
53,1,0.0,1.0,1,inf,463.9865467999999,0.013997799999970084,0.41006988286972046
54,1,2.205371856689453e-05,0.9999779462814331,1,45342.82702702703,463.9865467999999,0.013997799999970084,0.41006988286972046
55,0,0.8539056926965714,0.14609430730342865,0,0.1710895108827224,463.9865467999999,0.013997799999970084,0.41006988286972046
56,1,4.76837158203125e-06,0.999995231628418,1,209714.2,463.9865467999999,0.013997799999970084,0.41006988286972046
57,1,0.06247836351394653,0.9375216364860535,1,15.00554085858504,463.9865467999999,0.013997799999970084,0.41006988286972046
58,1,0.0009489655494689941,0.999051034450531,1,1052.7790339802775,463.9865467999999,0.013997799999970084,0.41006988286972046
59,1,0.8178655654191971,0.18213443458080292,0,0.22269483186695835,463.9865467999999,0.013997799999970084,0.41006988286972046
60,1,6.80685043334961e-05,0.9999319314956665,1,14690.0823117338,463.9865467999999,0.013997799999970084,0.41006988286972046
61,1,0.0,1.0,1,inf,463.9865467999999,0.013997799999970084,0.41006988286972046
62,1,0.0,1.0,1,inf,463.9865467999999,0.013997799999970084,0.41006988286972046
63,1,0.00046074390411376953,0.9995392560958862,1,2169.403104786546,463.9865467999999,0.013997799999970084,0.41006988286972046
64,1,0.0,1.0,1,inf,463.9865467999999,0.013997799999970084,0.41006988286972046
65,0,0.771622821688652,0.22837717831134796,0,0.295969963422748,463.9865467999999,0.013997799999970084,0.41006988286972046
66,0,0.9074072539806366,0.0925927460193634,0,0.1020410026624487,463.9865467999999,0.013997799999970084,0.41006988286972046
67,0,0.6884490251541138,0.31155097484588623,0,0.4525403674965529,463.9865467999999,0.013997799999970084,0.41006988286972046
68,0,0.6755402982234955,0.3244597017765045,0,0.4802965901956605,463.9865467999999,0.013997799999970084,0.41006988286972046
69,0,0.6513366401195526,0.3486633598804474,0,0.5353043854809862,463.9865467999999,0.013997799999970084,0.41006988286972046
70,0,0.9036373794078827,0.09636262059211731,0,0.10663859506925208,463.9865467999999,0.013997799999970084,0.41006988286972046
71,0,0.7572659850120544,0.24273401498794556,0,0.32053996850800265,463.9865467999999,0.013997799999970084,0.41006988286972046
72,0,0.8515321016311646,0.14846789836883545,0,0.17435384771100892,463.9865467999999,0.013997799999970084,0.41006988286972046
73,0,0.6574331223964691,0.3425668776035309,0,0.5210672628644101,463.9865467999999,0.013997799999970084,0.41006988286972046
74,1,0.007522761821746826,0.9924772381782532,1,131.92990309877902,463.9865467999999,0.013997799999970084,0.41006988286972046
75,1,0.02159219980239868,0.9784078001976013,1,45.31302086640148,463.9865467999999,0.013997799999970084,0.41006988286972046
76,1,0.6228542625904083,0.3771457374095917,0,0.605512011495383,463.9865467999999,0.013997799999970084,0.41006988286972046
77,1,0.0057683587074279785,0.994231641292572,1,172.35953790673403,463.9865467999999,0.013997799999970084,0.41006988286972046
78,1,0.5188956260681152,0.48110437393188477,0,0.9271698387157543,463.9865467999999,0.013997799999970084,0.41006988286972046
79,1,1.7881393432617188e-06,0.9999982118606567,1,559239.5333333333,463.9865467999999,0.013997799999970084,0.41006988286972046
80,1,0.8355977982282639,0.16440220177173615,0,0.19674800737905448,463.9865467999999,0.013997799999970084,0.41006988286972046
81,0,0.762474000453949,0.23752599954605103,0,0.31152012974165255,463.9865467999999,0.013997799999970084,0.41006988286972046
82,0,0.8780444785952568,0.1219555214047432,0,0.13889446876296546,463.9865467999999,0.013997799999970084,0.41006988286972046
83,0,0.8863452225923538,0.11365477740764618,0,0.1282285666021106,463.9865467999999,0.013997799999970084,0.41006988286972046
84,1,0.008731961250305176,0.9912680387496948,1,113.52180917145627,463.9865467999999,0.013997799999970084,0.41006988286972046
85,1,0.6430374681949615,0.35696253180503845,0,0.5551193351252924,463.9865467999999,0.013997799999970084,0.41006988286972046
86,1,0.6745898723602295,0.3254101276397705,0,0.48238217170565856,463.9865467999999,0.013997799999970084,0.41006988286972046
87,0,0.8781923577189445,0.12180764228105545,0,0.13870268991800838,463.9865467999999,0.013997799999970084,0.41006988286972046
88,1,0.15822792053222656,0.8417720794677734,1,5.319997106934918,463.9865467999999,0.013997799999970084,0.41006988286972046
89,0,0.9298650249838829,0.0701349750161171,0,0.07542489837956076,463.9865467999999,0.013997799999970084,0.41006988286972046
90,1,2.86102294921875e-06,0.9999971389770508,1,349524.3333333333,463.9865467999999,0.013997799999970084,0.41006988286972046
91,1,3.5762786865234375e-07,0.9999996423721313,1,2796201.6666666665,463.9865467999999,0.013997799999970084,0.41006988286972046
92,1,0.3870372772216797,0.6129627227783203,1,1.5837304540235266,463.9865467999999,0.013997799999970084,0.41006988286972046
93,0,0.6799401044845581,0.3200598955154419,0,0.4707177785285508,463.9865467999999,0.013997799999970084,0.41006988286972046
94,0,0.8973590359091759,0.10264096409082413,0,0.11438115624124912,463.9865467999999,0.013997799999970084,0.41006988286972046
95,0,0.7798645347356796,0.22013546526432037,0,0.28227397895319234,463.9865467999999,0.013997799999970084,0.41006988286972046
96,1,0.7088575065135956,0.2911424934864044,0,0.410720759547773,463.9865467999999,0.013997799999970084,0.41006988286972046
97,0,0.924647867679596,0.07535213232040405,0,0.08149278763763361,463.9865467999999,0.013997799999970084,0.41006988286972046
98,0,0.9144693315029144,0.08553066849708557,0,0.09353038483698235,463.9865467999999,0.013997799999970084,0.41006988286972046
99,0,0.8696831464767456,0.1303168535232544,0,0.14984405993285385,463.9865467999999,0.013997799999970084,0.41006988286972046
100,1,0.6421347260475159,0.35786527395248413,0,0.55730559248092,463.9865467999999,0.013997799999970084,0.41006988286972046
