dataset,true_model,m0_prob,m1_prob,selected_model,bayes_factor,training_time,inference_time
1,0,0.8430617600679398,0.15693823993206024,0,0.18615272019859266,233.97219649999988,0.005538499999602209
2,1,0.0,1.0,1,inf,233.97219649999988,0.005538499999602209
3,1,0.5598202347755432,0.4401797652244568,0,0.7862877007311899,233.97219649999988,0.005538499999602209
4,0,0.7481136322021484,0.25188636779785156,0,0.3366953320398647,233.97219649999988,0.005538499999602209
5,0,0.6972286999225616,0.30277130007743835,0,0.4342496229875017,233.97219649999988,0.005538499999602209
6,0,0.4019927382469177,0.5980072617530823,1,1.4876071253450496,233.97219649999988,0.005538499999602209
7,0,0.719961404800415,0.28003859519958496,0,0.38896334349647005,233.97219649999988,0.005538499999602209
8,0,0.7098968327045441,0.29010316729545593,0,0.4086553903758514,233.97219649999988,0.005538499999602209
9,1,0.13052690029144287,0.8694730997085571,1,6.661256015175274,233.97219649999988,0.005538499999602209
10,0,0.6824428737163544,0.31755712628364563,0,0.46532411504912685,233.97219649999988,0.005538499999602209
11,1,0.0004025101661682129,0.9995974898338318,1,2483.4092995705614,233.97219649999988,0.005538499999602209
12,1,0.00024133920669555664,0.9997586607933044,1,4142.545566806619,233.97219649999988,0.005538499999602209
13,0,0.8087934255599976,0.19120657444000244,0,0.23640965467494202,233.97219649999988,0.005538499999602209
14,1,0.1157868504524231,0.8842131495475769,1,7.6365592992003934,233.97219649999988,0.005538499999602209
15,1,0.0016952753067016602,0.9983047246932983,1,588.8746923563743,233.97219649999988,0.005538499999602209
16,1,0.7399710416793823,0.2600289583206177,0,0.3514042356718117,233.97219649999988,0.005538499999602209
17,0,0.5310147404670715,0.46898525953292847,0,0.8831868944361451,233.97219649999988,0.005538499999602209
18,0,0.8457748591899872,0.15422514081001282,0,0.182347747907424,233.97219649999988,0.005538499999602209
19,1,0.0005612969398498535,0.9994387030601501,1,1780.5881915684402,233.97219649999988,0.005538499999602209
20,0,0.33860957622528076,0.6613904237747192,1,1.9532537477164815,233.97219649999988,0.005538499999602209
21,0,0.7519019693136215,0.24809803068637848,0,0.32996060764790436,233.97219649999988,0.005538499999602209
22,1,5.4836273193359375e-06,0.9999945163726807,1,182360.04347826086,233.97219649999988,0.005538499999602209
23,0,0.8387968242168427,0.16120317578315735,0,0.19218381749795907,233.97219649999988,0.005538499999602209
24,0,0.8514023423194885,0.14859765768051147,0,0.17453282695427474,233.97219649999988,0.005538499999602209
25,1,0.24940353631973267,0.7505964636802673,1,3.0095662425492264,233.97219649999988,0.005538499999602209
26,0,0.6796815991401672,0.32031840085983276,0,0.4712771410393518,233.97219649999988,0.005538499999602209
27,1,4.887580871582031e-06,0.9999951124191284,1,204599.19512195123,233.97219649999988,0.005538499999602209
28,0,0.6634801626205444,0.33651983737945557,0,0.5072040677905195,233.97219649999988,0.005538499999602209
29,1,0.5345050692558289,0.46549493074417114,0,0.8708896463643686,233.97219649999988,0.005538499999602209
30,1,0.44252049922943115,0.5574795007705688,1,1.259782319104579,233.97219649999988,0.005538499999602209
31,0,0.7767777144908905,0.2232222855091095,0,0.28736957992597933,233.97219649999988,0.005538499999602209
32,0,0.7433918714523315,0.25660812854766846,0,0.34518554533875195,233.97219649999988,0.005538499999602209
33,1,0.7055826187133789,0.2944173812866211,0,0.4172684721506994,233.97219649999988,0.005538499999602209
34,1,0.00015175342559814453,0.9998482465744019,1,6588.63707776905,233.97219649999988,0.005538499999602209
35,0,0.8718592822551727,0.12814071774482727,0,0.1469740821172143,233.97219649999988,0.005538499999602209
36,0,0.5685749053955078,0.4314250946044922,0,0.7587832148595927,233.97219649999988,0.005538499999602209
37,0,0.770908311009407,0.22909168899059296,0,0.29717112361991055,233.97219649999988,0.005538499999602209
38,0,0.5992206037044525,0.4007793962955475,0,0.6688344723427098,233.97219649999988,0.005538499999602209
39,1,0.5141119658946991,0.4858880341053009,0,0.9451015855266457,233.97219649999988,0.005538499999602209
40,1,0.0009573101997375488,0.9990426898002625,1,1043.593487329556,233.97219649999988,0.005538499999602209
41,1,0.5240163803100586,0.4759836196899414,0,0.9083372916860034,233.97219649999988,0.005538499999602209
42,0,0.8926205635070801,0.10737943649291992,0,0.12029684379108325,233.97219649999988,0.005538499999602209
43,0,0.835288792848587,0.16471120715141296,0,0.19719073039361393,233.97219649999988,0.005538499999602209
44,0,0.8419979512691498,0.15800204873085022,0,0.1876513458170445,233.97219649999988,0.005538499999602209
45,1,0.06775480508804321,0.9322451949119568,1,13.75910082983135,233.97219649999988,0.005538499999602209
46,0,0.8141162693500519,0.18588373064994812,0,0.22832577808369808,233.97219649999988,0.005538499999602209
47,0,0.8861315101385117,0.11386848986148834,0,0.12850066672800012,233.97219649999988,0.005538499999602209
48,1,0.4757228493690491,0.5242771506309509,1,1.102064261420908,233.97219649999988,0.005538499999602209
49,0,0.7366574704647064,0.2633425295352936,0,0.35748300953110396,233.97219649999988,0.005538499999602209
50,1,1.1920928955078125e-07,0.9999998807907104,1,8388607.0,233.97219649999988,0.005538499999602209
51,0,0.7246228456497192,0.27537715435028076,0,0.3800282533231051,233.97219649999988,0.005538499999602209
52,0,0.886816680431366,0.11318331956863403,0,0.12762876710165097,233.97219649999988,0.005538499999602209
53,1,1.1920928955078125e-07,0.9999998807907104,1,8388607.0,233.97219649999988,0.005538499999602209
54,1,3.123283386230469e-05,0.9999687671661377,1,32016.58778625954,233.97219649999988,0.005538499999602209
55,0,0.8319547474384308,0.1680452525615692,0,0.20198845319288894,233.97219649999988,0.005538499999602209
56,1,2.7179718017578125e-05,0.9999728202819824,1,36791.14035087719,233.97219649999988,0.005538499999602209
57,1,0.10593795776367188,0.8940620422363281,1,8.439487234885313,233.97219649999988,0.005538499999602209
58,1,0.0008878111839294434,0.9991121888160706,1,1125.3656260490097,233.97219649999988,0.005538499999602209
59,1,0.8167191743850708,0.1832808256149292,0,0.22441107220597106,233.97219649999988,0.005538499999602209
60,1,8.618831634521484e-05,0.9999138116836548,1,11601.500691562933,233.97219649999988,0.005538499999602209
61,1,1.1920928955078125e-07,0.9999998807907104,1,8388607.0,233.97219649999988,0.005538499999602209
62,1,1.1920928955078125e-07,0.9999998807907104,1,8388607.0,233.97219649999988,0.005538499999602209
63,1,0.0020775198936462402,0.9979224801063538,1,480.3431645388036,233.97219649999988,0.005538499999602209
64,1,0.0,1.0,1,inf,233.97219649999988,0.005538499999602209
65,0,0.7695055902004242,0.2304944097995758,0,0.2995357184338864,233.97219649999988,0.005538499999602209
66,0,0.8852546587586403,0.11474534124135971,0,0.12961845510337425,233.97219649999988,0.005538499999602209
67,0,0.6278928518295288,0.3721071481704712,0,0.5926284191422795,233.97219649999988,0.005538499999602209
68,0,0.7731502056121826,0.22684979438781738,0,0.2934097316939818,233.97219649999988,0.005538499999602209
69,0,0.7468753159046173,0.2531246840953827,0,0.3389115675737622,233.97219649999988,0.005538499999602209
70,0,0.873915895819664,0.126084104180336,0,0.14427487219703114,233.97219649999988,0.005538499999602209
71,0,0.811092272400856,0.18890772759914398,0,0.23290534755062056,233.97219649999988,0.005538499999602209
72,0,0.8428210467100143,0.15717895328998566,0,0.18649149057624984,233.97219649999988,0.005538499999602209
73,0,0.7182283401489258,0.2817716598510742,0,0.3923148727222995,233.97219649999988,0.005538499999602209
74,1,0.006314337253570557,0.9936856627464294,1,157.36974805780795,233.97219649999988,0.005538499999602209
75,1,0.09931725263595581,0.9006827473640442,1,9.068744084831543,233.97219649999988,0.005538499999602209
76,1,0.5856263935565948,0.41437360644340515,0,0.7075733112485821,233.97219649999988,0.005538499999602209
77,1,0.0064719319343566895,0.9935280680656433,1,153.51336790046142,233.97219649999988,0.005538499999602209
78,1,0.5607783496379852,0.43922165036201477,0,0.7832357483942768,233.97219649999988,0.005538499999602209
79,1,4.410743713378906e-06,0.9999955892562866,1,226718.13513513515,233.97219649999988,0.005538499999602209
80,1,0.8052261918783188,0.1947738081216812,0,0.24188707481973504,233.97219649999988,0.005538499999602209
81,0,0.7849465906620026,0.21505340933799744,0,0.2739720280288462,233.97219649999988,0.005538499999602209
82,0,0.8700718283653259,0.12992817163467407,0,0.14933039709926088,233.97219649999988,0.005538499999602209
83,0,0.8577773422002792,0.14222265779972076,0,0.16580370080061374,233.97219649999988,0.005538499999602209
84,1,0.029259085655212402,0.9707409143447876,1,33.17741797484548,233.97219649999988,0.005538499999602209
85,1,0.7018386721611023,0.2981613278388977,0,0.42482886689728716,233.97219649999988,0.005538499999602209
86,1,0.7493950724601746,0.25060492753982544,0,0.3344096281779908,233.97219649999988,0.005538499999602209
87,0,0.8178599178791046,0.18214008212089539,0,0.22270327489972333,233.97219649999988,0.005538499999602209
88,1,0.21018624305725098,0.789813756942749,1,3.7576853054441717,233.97219649999988,0.005538499999602209
89,0,0.8844580799341202,0.11554192006587982,0,0.13063583530661632,233.97219649999988,0.005538499999602209
90,1,9.298324584960938e-06,0.999990701675415,1,107545.2564102564,233.97219649999988,0.005538499999602209
91,1,8.344650268554688e-07,0.9999991655349731,1,1198371.5714285714,233.97219649999988,0.005538499999602209
92,1,0.6294337213039398,0.3705662786960602,0,0.5887296249848073,233.97219649999988,0.005538499999602209
93,0,0.6543441712856293,0.3456558287143707,0,0.5282477385490268,233.97219649999988,0.005538499999602209
94,0,0.8755804896354675,0.12441951036453247,0,0.14209945497567258,233.97219649999988,0.005538499999602209
95,0,0.7865731865167618,0.21342681348323822,0,0.27133751460353156,233.97219649999988,0.005538499999602209
96,1,0.6399872601032257,0.3600127398967743,0,0.5625311038827657,233.97219649999988,0.005538499999602209
97,0,0.8724738359451294,0.1275261640548706,0,0.14616617576471466,233.97219649999988,0.005538499999602209
98,0,0.8850751146674156,0.11492488533258438,0,0.12984760663592906,233.97219649999988,0.005538499999602209
99,0,0.8471186608076096,0.15288133919239044,0,0.18047216554837714,233.97219649999988,0.005538499999602209
100,1,0.5281391143798828,0.4718608856201172,0,0.8934405212046357,233.97219649999988,0.005538499999602209
