"dataset" "true.model" "mean.theta." "var.theta." "sigma2" "mu" "tau2" "dataset.1" "true.model.1" "mean.theta..1" "var.theta..1" "sigma2.1" "mu.1" "tau2.1"
"1" 1 0 0.0628310227701739 1.78281686683703 1.49145385811357 NA 1.80660064240892 1 0 0.0634543415187792 1.78331756571432 1.49146186055883 0.0609668812796392 1.83578117279104
"2" 2 1 -2.08326691989881 0.403075721545471 3.61229195750083 NA 4.81222485603297 2 1 -2.09900193889238 0.340584661164633 3.61245109675788 -2.08252094627656 0.414309376809798
"3" 3 1 -0.0478151947382666 0.292067359959244 6926.30822663555 NA 4.88864014815394 3 1 -0.383953879511927 0.320226328408822 6927.38725650423 -0.351703770881179 5.14497501649555
"4" 4 0 -0.158876008966319 0.734233321068153 1.45427750925047 NA 0.798188432297467 4 0 -0.162011256268123 0.733872652150935 1.45434139175584 -0.159464264913518 0.787728131541821
"5" 5 0 -0.823437315999046 39.5948027665925 1.54527897386471 NA 39.5825466715207 5 0 -0.823606164233054 39.5946330379613 1.54531417044018 -0.477726846703997 39.4783362648955
"6" 6 0 0.453309184525771 2.45155746447321 0.693416417578883 NA 2.65430488604402 6 0 0.454580282872981 2.45065651045414 0.693451758685709 0.434016382283649 2.49426758023389
"7" 7 0 -0.277705842790695 7.31609518715885 0.0294336302600813 NA 7.29843509367839 7 0 -0.277707307536218 7.31607841248898 0.0294348266520181 -0.242920096657784 7.3394616827914
"8" 8 0 -0.363209623254178 7.29770622912431 2.05258057946615 NA 7.35105628547701 8 0 -0.364155155067022 7.29769259251575 2.05254524339596 -0.321156952654496 7.34022895282234
"9" 9 1 0.978114946888847 5.30157589604011 1.33553605435146 NA 6.21084898681953 9 1 0.980121056576276 5.29730295889236 1.33544757680444 0.890835815078997 5.34878850951084
"10" 10 0 -0.101532613335795 0.203142109912507 3.41308430775694 NA 0.279241469079788 10 0 -0.115144369818629 0.201970763233343 3.41305765900091 -0.114648801168443 0.272399842468913
"11" 11 1 0.555162253667132 0.302746178366397 0.44918849820583 NA 0.647815120073083 11 1 0.559348274038901 0.298696836327097 0.449200355307045 0.55588407029157 0.342133230673958
"12" 12 1 0.784679352124867 0.46550665850156 8.03744698574454 NA 1.19022602543454 12 1 0.842105886194842 0.386650768282229 8.03743851271139 0.834291502554617 0.498071518797793
"13" 13 0 -0.102065583678525 1.07985128571751 0.20553241401444 NA 1.10953451474661 13 0 -0.102253694108109 1.07992177172327 0.205533359015171 -0.100373348178987 1.12065555961337
"14" 14 1 -0.539876544360813 2.00980540907907 3.60902214446541 NA 2.3383195403852 14 1 -0.548773793026644 2.00100336610749 3.6091255007794 -0.52888285280607 2.07697921303406
"15" 15 1 -0.973926087786107 2.11504197575107 11.0732577006384 NA 3.1764795724614 15 1 -1.00916392570505 2.04557756959932 11.0732635384497 -0.969217806604285 2.19439486489377
"16" 16 1 0.178270222063989 1.7664964724719 0.338026702664234 NA 1.80596858723447 16 1 0.178569020935702 1.76655666399975 0.338011003965358 0.17300238642261 1.80737558324805
"17" 17 0 0.322266261152639 3.05050294065643 1.8227788027931 NA 3.15156000110399 17 0 0.324328914628384 3.04977835284691 1.82267725587117 0.305914389345933 3.10422848579979
"18" 18 0 0.069684228454718 1.98331457086568 4.74202297612983 NA 2.03822648313687 18 0 0.0713545217880598 1.98480419773471 4.7423398194147 0.0680942624941728 2.06930975280333
"19" 19 1 -1.14257592779741 2.87216328346883 2.8359620753056 NA 4.19174558584987 19 1 -1.15037708000811 2.85423964553926 2.8358300616241 -1.09098599100156 2.92260148887352
"20" 20 0 0.83949371500815 5.73630343089427 0.736304593698587 NA 6.38250722615833 20 0 0.840446182661661 5.73459574473764 0.736336136071628 0.757393245613439 5.77788114126201
"21" 21 0 -0.163931518741156 3.5405218357649 0.0433003296324877 NA 3.53924081661405 21 0 -0.163963478619955 3.54057711221302 0.0432975051938176 -0.154754294464849 3.57531578450923
"22" 22 1 -1.16455994383689 0.282132533854596 5.726134317052 NA 1.72979222309952 22 1 -1.20566617870226 0.204873899200559 5.72409503934478 -1.19888763233447 0.293695317470184
"23" 23 0 -0.0956425149322901 0.965820852598622 5.01773745176689 NA 1.04624483625191 23 0 -0.100570903522216 0.966612535570851 5.01795959564997 -0.0985539859467233 1.05565953459626
"24" 24 0 0.0516726038797792 0.909803004263369 0.915937862536115 NA 0.942477058047159 24 0 0.0522100730605709 0.91002148170869 0.916040494245958 0.0515377751005542 0.958156012357141
"25" 25 1 0.424212227343906 1.4628596426017 1.1497377016734 NA 1.66406929267659 25 1 0.427390304577243 1.46045939447781 1.14953040090715 0.416237089897452 1.50926721571212
"26" 26 0 -0.0418077974786461 0.095491438591823 449.176452396652 NA 0.837006735291785 26 0 -0.274172980780145 0.0977033754678926 449.221833026893 -0.269776609525474 0.849714036650245
"27" 27 1 1.37864113857344 1.35883115840296 3.65508435532466 NA 3.30847401294879 27 1 1.39445785637765 1.31450257158919 3.65482820534661 1.35864158915362 1.39214642338002
"28" 28 0 -4.73526636726791 1646.08186123659 0.426108149815569 NA 1636.56829818624 28 0 -4.73531304213356 1646.08307022195 0.426164426665659 -0.156162989604545 1636.9694891706
"29" 29 1 -0.285777057754697 1.20403343153961 0.712728680644396 NA 1.30838991471599 29 1 -0.287472813780711 1.20340874422815 0.712717033248867 -0.280946607513334 1.24832500785361
"30" 30 1 0.499817402368558 4.69328530728286 0.0437175709485028 NA 4.89148959970847 30 1 0.499856718732348 4.69325278910532 0.0437186317512545 0.458442300655282 4.72674478863341
"31" 31 0 -0.0894768410823321 0.427035627555773 0.311950941054593 NA 0.467651202265043 31 0 -0.0901117410438045 0.427071973515615 0.31198018672005 -0.0894188001800678 0.468953330768569
"32" 32 0 -0.235786674064458 2.53466914668048 4.79000433551365 NA 2.63049870299877 32 0 -0.240380811589733 2.53412235279882 4.78998972375815 -0.229061876741134 2.62131481596272
"33" 33 1 -0.459314201048781 20.9044798953256 10.283898940449 NA 20.8700670663522 33 1 -0.46101194453392 20.9058280909937 10.2837592847847 -0.332726930942225 20.9560745922621
"34" 34 1 -0.788014836986251 0.44960127722333 5.06995278316561 NA 1.15099699301663 34 1 -0.825753376569113 0.39702105665925 5.07016879230202 -0.818204481402826 0.483879479619824
"35" 35 0 -0.030510945844989 0.788340663100433 1.54056580833002 NA 0.828583618953359 35 0 -0.0310784902414395 0.788846665033618 1.54054159444892 -0.0305084837425428 0.843391175997261
"36" 36 0 -0.256846810780542 1.38922641139266 0.243290602351896 NA 1.46804441818315 36 0 -0.257311970551952 1.38916515539119 0.243284090977448 -0.250789361351637 1.4294493260774
"37" 37 0 -0.0536268667577931 5.36580853312825 0.125257865255932 NA 5.30364576933189 37 0 -0.0536430801325079 5.36594292813946 0.12525682785689 -0.0480662296261162 5.39337879547492
"38" 38 0 -0.338979052939729 2.2896614361234 5.91370720390781 NA 2.45931729660896 38 0 -0.347767045293323 2.28564608070288 5.91424403487831 -0.33317217552893 2.38624210720521
"39" 39 1 -0.127812291781081 0.226974025567895 5.52687206998412 NA 0.326812692326356 39 1 -0.151517489555885 0.223274124585271 5.52662609132695 -0.150704101823384 0.31120887829752
"40" 40 1 0.52731691648692 0.375590755639608 0.183735107733694 NA 0.68605955498718 40 1 0.528843239413426 0.37414656423373 0.183742051662626 0.52469757195193 0.414169346854844
"41" 41 1 -0.31159964771502 1.13465012422783 0.298162448029885 NA 1.25097912521635 41 1 -0.312425068673628 1.13428566074216 0.298150314073172 -0.305718189475732 1.17609290118677
"42" 42 0 0.0533015000844228 0.351931096483956 3.59073139605211 NA 0.420642024964698 42 0 0.0582440147497153 0.352789469508829 3.591038576113 0.0577206881498167 0.425982643979588
"43" 43 0 0.118629850551994 0.78486061283435 1.20287387399152 NA 0.834959306324458 43 0 0.120474577637163 0.784840913775804 1.2028545174585 0.118258586957843 0.83490308651206
"44" 44 0 -0.0845142143909038 0.525197045400163 7.77659549469902 NA 0.633146627476115 44 0 -0.0960611269346948 0.526218622738396 7.7772697336004 -0.0950220934642374 0.638095538953191
"45" 45 1 -0.672958812774288 2.31650004914817 111.185575204927 NA 3.65842312022349 45 1 -0.882933366118344 2.04560147227695 111.190626559419 -0.836681260971832 2.92736628003087
"46" 46 0 -0.0371518919911346 0.359295661989915 43.4763118031906 NA 0.664585374722275 46 0 -0.0638527388325822 0.365990472333575 43.4737094929726 -0.063016742618454 0.679792167120676
"47" 47 0 0.0273405303397513 0.675936266170058 8.16896631012885 NA 0.779874899465326 47 0 0.0304278718995707 0.678391454287076 8.16949832352074 0.0300237331819364 0.794671210844941
"48" 48 1 0.606450719789014 7.02789902488863 2.28111549019921 NA 7.32763473472763 48 1 0.60826419570446 7.02601986649152 2.28100233007935 0.536372610279006 7.07551659835288
"49" 49 0 0.0430251319217408 7.07111868057157 0.502862971724089 NA 6.98444711490322 49 0 0.043065453327059 7.07120293687108 0.502813931349167 0.0378165615661843 7.10471719296692
"50" 50 1 1.49008851730973 0.836723646657424 0.21169380471357 NA 3.08017003275632 50 1 1.4911847534249 0.833592357943473 0.211691129027072 1.4671866684791 0.874936906988087
"51" NA NA NA NA NA NA NA NA NA NA NA NA NA NA
"52" NA NA NA NA NA NA NA NA NA NA NA NA NA NA
"53" NA NA NA NA NA NA NA NA NA NA NA NA NA NA
"54" NA NA NA NA NA NA NA NA NA NA NA NA NA NA
"55" NA NA NA NA NA NA NA NA NA NA NA NA NA NA
"56" NA NA NA NA NA NA NA NA NA NA NA NA NA NA
"57" NA NA NA NA NA NA NA NA NA NA NA NA NA NA
"58" NA NA NA NA NA NA NA NA NA NA NA NA NA NA
"59" NA NA NA NA NA NA NA NA NA NA NA NA NA NA
"60" NA NA NA NA NA NA NA NA NA NA NA NA NA NA
"61" NA NA NA NA NA NA NA NA NA NA NA NA NA NA
"62" NA NA NA NA NA NA NA NA NA NA NA NA NA NA
"63" NA NA NA NA NA NA NA NA NA NA NA NA NA NA
"64" NA NA NA NA NA NA NA NA NA NA NA NA NA NA
"65" NA NA NA NA NA NA NA NA NA NA NA NA NA NA
"66" NA NA NA NA NA NA NA NA NA NA NA NA NA NA
"67" NA NA NA NA NA NA NA NA NA NA NA NA NA NA
"68" NA NA NA NA NA NA NA NA NA NA NA NA NA NA
"69" NA NA NA NA NA NA NA NA NA NA NA NA NA NA
"70" NA NA NA NA NA NA NA NA NA NA NA NA NA NA
"71" NA NA NA NA NA NA NA NA NA NA NA NA NA NA
"72" NA NA NA NA NA NA NA NA NA NA NA NA NA NA
"73" NA NA NA NA NA NA NA NA NA NA NA NA NA NA
"74" NA NA NA NA NA NA NA NA NA NA NA NA NA NA
"75" NA NA NA NA NA NA NA NA NA NA NA NA NA NA
"76" NA NA NA NA NA NA NA NA NA NA NA NA NA NA
"77" NA NA NA NA NA NA NA NA NA NA NA NA NA NA
"78" NA NA NA NA NA NA NA NA NA NA NA NA NA NA
"79" NA NA NA NA NA NA NA NA NA NA NA NA NA NA
"80" NA NA NA NA NA NA NA NA NA NA NA NA NA NA
"81" NA NA NA NA NA NA NA NA NA NA NA NA NA NA
"82" NA NA NA NA NA NA NA NA NA NA NA NA NA NA
"83" NA NA NA NA NA NA NA NA NA NA NA NA NA NA
"84" NA NA NA NA NA NA NA NA NA NA NA NA NA NA
"85" NA NA NA NA NA NA NA NA NA NA NA NA NA NA
"86" NA NA NA NA NA NA NA NA NA NA NA NA NA NA
"87" NA NA NA NA NA NA NA NA NA NA NA NA NA NA
"88" NA NA NA NA NA NA NA NA NA NA NA NA NA NA
"89" NA NA NA NA NA NA NA NA NA NA NA NA NA NA
"90" NA NA NA NA NA NA NA NA NA NA NA NA NA NA
"91" NA NA NA NA NA NA NA NA NA NA NA NA NA NA
"92" NA NA NA NA NA NA NA NA NA NA NA NA NA NA
"93" NA NA NA NA NA NA NA NA NA NA NA NA NA NA
"94" NA NA NA NA NA NA NA NA NA NA NA NA NA NA
"95" NA NA NA NA NA NA NA NA NA NA NA NA NA NA
"96" NA NA NA NA NA NA NA NA NA NA NA NA NA NA
"97" NA NA NA NA NA NA NA NA NA NA NA NA NA NA
"98" NA NA NA NA NA NA NA NA NA NA NA NA NA NA
"99" NA NA NA NA NA NA NA NA NA NA NA NA NA NA
"100" NA NA NA NA NA NA NA NA NA NA NA NA NA NA
