dataset,true_model,m0_prob,m1_prob,selected_model,bayes_factor,training_time,inference_time,final_epoch_loss
1,0,0.7927227914333344,0.20727720856666565,0,0.2614750210371579,163.59394890000112,0.05445690000124159,0.4757501184940338
2,1,1.239776611328125e-05,0.9999876022338867,1,80658.69230769231,163.59394890000112,0.05445690000124159,0.4757501184940338
3,1,0.36879032850265503,0.631209671497345,1,1.711567854992707,163.59394890000112,0.05445690000124159,0.4757501184940338
4,0,0.612764447927475,0.387235552072525,0,0.6319484646706479,163.59394890000112,0.05445690000124159,0.4757501184940338
5,0,0.5605804026126862,0.43941959738731384,0,0.7838654282941742,163.59394890000112,0.05445690000124159,0.4757501184940338
6,0,0.7454398572444916,0.2545601427555084,0,0.34148984694283263,163.59394890000112,0.05445690000124159,0.4757501184940338
7,0,0.6545279324054718,0.3454720675945282,0,0.5278186773861205,163.59394890000112,0.05445690000124159,0.4757501184940338
8,0,0.6039352118968964,0.39606478810310364,0,0.6558067493019759,163.59394890000112,0.05445690000124159,0.4757501184940338
9,1,0.4909583330154419,0.5090416669845581,1,1.0368327264312824,163.59394890000112,0.05445690000124159,0.4757501184940338
10,0,0.6779824197292328,0.3220175802707672,0,0.47496449893106674,163.59394890000112,0.05445690000124159,0.4757501184940338
11,1,0.3461378812789917,0.6538621187210083,1,1.8890221327552035,163.59394890000112,0.05445690000124159,0.4757501184940338
12,1,0.08725059032440186,0.9127494096755981,1,10.461240506017807,163.59394890000112,0.05445690000124159,0.4757501184940338
13,0,0.723151296377182,0.276848703622818,0,0.38283648941758786,163.59394890000112,0.05445690000124159,0.4757501184940338
14,1,0.11098319292068481,0.8890168070793152,1,8.010373315846657,163.59394890000112,0.05445690000124159,0.4757501184940338
15,1,0.009988844394683838,0.9900111556053162,1,99.11168063967538,163.59394890000112,0.05445690000124159,0.4757501184940338
16,1,0.823306530714035,0.17669346928596497,0,0.21461443908713165,163.59394890000112,0.05445690000124159,0.4757501184940338
17,0,0.7595754712820053,0.2404245287179947,0,0.31652487186323713,163.59394890000112,0.05445690000124159,0.4757501184940338
18,0,0.8322505950927734,0.16774940490722656,0,0.20156117147447283,163.59394890000112,0.05445690000124159,0.4757501184940338
19,1,0.004181802272796631,0.9958181977272034,1,238.13134451745321,163.59394890000112,0.05445690000124159,0.4757501184940338
20,0,0.6095931529998779,0.39040684700012207,0,0.6404383728374985,163.59394890000112,0.05445690000124159,0.4757501184940338
21,0,0.6616043150424957,0.3383956849575043,0,0.5114774454513173,163.59394890000112,0.05445690000124159,0.4757501184940338
22,1,0.0001818537712097168,0.9998181462287903,1,5497.923631596198,163.59394890000112,0.05445690000124159,0.4757501184940338
23,0,0.7947125434875488,0.20528745651245117,0,0.2583166179956835,163.59394890000112,0.05445690000124159,0.4757501184940338
24,0,0.8769172951579094,0.1230827048420906,0,0.14035839585069046,163.59394890000112,0.05445690000124159,0.4757501184940338
25,1,0.753863051533699,0.24613694846630096,0,0.3265008783300188,163.59394890000112,0.05445690000124159,0.4757501184940338
26,0,0.5884724259376526,0.4115275740623474,0,0.6993149651942194,163.59394890000112,0.05445690000124159,0.4757501184940338
27,1,0.006711304187774658,0.9932886958122253,1,148.0023357638303,163.59394890000112,0.05445690000124159,0.4757501184940338
28,0,0.40657317638397217,0.5934268236160278,1,1.4595818368882973,163.59394890000112,0.05445690000124159,0.4757501184940338
29,1,0.4120839834213257,0.5879160165786743,1,1.4266898016698049,163.59394890000112,0.05445690000124159,0.4757501184940338
30,1,0.6703490316867828,0.32965096831321716,0,0.4917601916776467,163.59394890000112,0.05445690000124159,0.4757501184940338
31,0,0.69651660323143,0.30348339676856995,0,0.4357159547390318,163.59394890000112,0.05445690000124159,0.4757501184940338
32,0,0.6498716473579407,0.3501283526420593,0,0.5387653916977444,163.59394890000112,0.05445690000124159,0.4757501184940338
33,1,0.6300072968006134,0.3699927031993866,0,0.5872832030332547,163.59394890000112,0.05445690000124159,0.4757501184940338
34,1,0.003204166889190674,0.9967958331108093,1,311.0936064140484,163.59394890000112,0.05445690000124159,0.4757501184940338
35,0,0.823752149939537,0.17624785006046295,0,0.21395737792417227,163.59394890000112,0.05445690000124159,0.4757501184940338
36,0,0.42692142724990845,0.5730785727500916,1,1.3423513934207538,163.59394890000112,0.05445690000124159,0.4757501184940338
37,0,0.7219659984111786,0.2780340015888214,0,0.3851067809296938,163.59394890000112,0.05445690000124159,0.4757501184940338
38,0,0.5551661550998688,0.4448338449001312,0,0.8012625424186929,163.59394890000112,0.05445690000124159,0.4757501184940338
39,1,0.6131767630577087,0.38682323694229126,0,0.6308511024020746,163.59394890000112,0.05445690000124159,0.4757501184940338
40,1,0.39396989345550537,0.6060301065444946,1,1.5382650212913773,163.59394890000112,0.05445690000124159,0.4757501184940338
41,1,0.4668005108833313,0.5331994891166687,1,1.1422427282859866,163.59394890000112,0.05445690000124159,0.4757501184940338
42,0,0.8956375196576118,0.10436248034238815,0,0.11652312241484065,163.59394890000112,0.05445690000124159,0.4757501184940338
43,0,0.8907435461878777,0.10925645381212234,0,0.12265758677647239,163.59394890000112,0.05445690000124159,0.4757501184940338
44,0,0.7988758534193039,0.2011241465806961,0,0.2517589506803288,163.59394890000112,0.05445690000124159,0.4757501184940338
45,1,0.4851807951927185,0.5148192048072815,1,1.0610873511652297,163.59394890000112,0.05445690000124159,0.4757501184940338
46,0,0.8820290863513947,0.11797091364860535,0,0.13374945959730686,163.59394890000112,0.05445690000124159,0.4757501184940338
47,0,0.8851843476295471,0.11481565237045288,0,0.12970818189219005,163.59394890000112,0.05445690000124159,0.4757501184940338
48,1,0.6559226810932159,0.34407731890678406,0,0.5245699360987424,163.59394890000112,0.05445690000124159,0.4757501184940338
49,0,0.682639092206955,0.31736090779304504,0,0.4649029207615773,163.59394890000112,0.05445690000124159,0.4757501184940338
50,1,0.0009130239486694336,0.9990869760513306,1,1094.2615223919572,163.59394890000112,0.05445690000124159,0.4757501184940338
51,0,0.8082218319177628,0.19177816808223724,0,0.23728407289763837,163.59394890000112,0.05445690000124159,0.4757501184940338
52,0,0.8425971120595932,0.1574028879404068,0,0.18680682106263186,163.59394890000112,0.05445690000124159,0.4757501184940338
53,1,0.0015488862991333008,0.9984511137008667,1,644.6251827907334,163.59394890000112,0.05445690000124159,0.4757501184940338
54,1,0.0008783936500549316,0.9991216063499451,1,1137.441745267015,163.59394890000112,0.05445690000124159,0.4757501184940338
55,0,0.8518279939889908,0.14817200601100922,0,0.1739459222479183,163.59394890000112,0.05445690000124159,0.4757501184940338
56,1,0.0008959174156188965,0.9991040825843811,1,1115.174306433371,163.59394890000112,0.05445690000124159,0.4757501184940338
57,1,0.3882802724838257,0.6117197275161743,1,1.575459200136562,163.59394890000112,0.05445690000124159,0.4757501184940338
58,1,0.19156193733215332,0.8084380626678467,1,4.220243718177055,163.59394890000112,0.05445690000124159,0.4757501184940338
59,1,0.7945784032344818,0.2054215967655182,0,0.2585290462581297,163.59394890000112,0.05445690000124159,0.4757501184940338
60,1,0.022585511207580566,0.9774144887924194,1,43.27617293268799,163.59394890000112,0.05445690000124159,0.4757501184940338
61,1,3.2901763916015625e-05,0.999967098236084,1,30392.507246376812,163.59394890000112,0.05445690000124159,0.4757501184940338
62,1,7.18832015991211e-05,0.9999281167984009,1,13910.456053067994,163.59394890000112,0.05445690000124159,0.4757501184940338
63,1,0.009472489356994629,0.9905275106430054,1,104.56887026339966,163.59394890000112,0.05445690000124159,0.4757501184940338
64,1,2.6345252990722656e-05,0.9999736547470093,1,37956.50226244344,163.59394890000112,0.05445690000124159,0.4757501184940338
65,0,0.7880680710077286,0.21193192899227142,0,0.26892591742901995,163.59394890000112,0.05445690000124159,0.4757501184940338
66,0,0.8908364102244377,0.10916358977556229,0,0.1225405568549444,163.59394890000112,0.05445690000124159,0.4757501184940338
67,0,0.7264311611652374,0.2735688388347626,0,0.37659292918539233,163.59394890000112,0.05445690000124159,0.4757501184940338
68,0,0.6535651385784149,0.3464348614215851,0,0.530069370246895,163.59394890000112,0.05445690000124159,0.4757501184940338
69,0,0.6690065264701843,0.3309934735298157,0,0.4947537287509064,163.59394890000112,0.05445690000124159,0.4757501184940338
70,0,0.9000096917152405,0.09999030828475952,0,0.11109914615941276,163.59394890000112,0.05445690000124159,0.4757501184940338
71,0,0.7178570628166199,0.2821429371833801,0,0.3930349811929829,163.59394890000112,0.05445690000124159,0.4757501184940338
72,0,0.8569040149450302,0.1430959850549698,0,0.16699184804747272,163.59394890000112,0.05445690000124159,0.4757501184940338
73,0,0.5885523557662964,0.4114476442337036,0,0.6990841854638368,163.59394890000112,0.05445690000124159,0.4757501184940338
74,1,0.6051042675971985,0.3948957324028015,0,0.6526077463821044,163.59394890000112,0.05445690000124159,0.4757501184940338
75,1,0.08071339130401611,0.9192866086959839,1,11.389517821564292,163.59394890000112,0.05445690000124159,0.4757501184940338
76,1,0.3941879868507385,0.6058120131492615,1,1.5368606689139301,163.59394890000112,0.05445690000124159,0.4757501184940338
77,1,0.28558987379074097,0.714410126209259,1,2.5015247099857807,163.59394890000112,0.05445690000124159,0.4757501184940338
78,1,0.5635632872581482,0.4364367127418518,0,0.7744236053153969,163.59394890000112,0.05445690000124159,0.4757501184940338
79,1,0.009445369243621826,0.9905546307563782,1,104.87198596553226,163.59394890000112,0.05445690000124159,0.4757501184940338
80,1,0.834191158413887,0.16580884158611298,0,0.19876600214916965,163.59394890000112,0.05445690000124159,0.4757501184940338
81,0,0.7484292984008789,0.2515707015991211,0,0.3361315519537198,163.59394890000112,0.05445690000124159,0.4757501184940338
82,0,0.8453463613986969,0.1546536386013031,0,0.18294706840095176,163.59394890000112,0.05445690000124159,0.4757501184940338
83,0,0.8812660351395607,0.1187339648604393,0,0.13473112559209902,163.59394890000112,0.05445690000124159,0.4757501184940338
84,1,0.0624118447303772,0.9375881552696228,1,15.022599625440623,163.59394890000112,0.05445690000124159,0.4757501184940338
85,1,0.7872654944658279,0.21273450553417206,0,0.2702195219142886,163.59394890000112,0.05445690000124159,0.4757501184940338
86,1,0.6698291301727295,0.3301708698272705,0,0.4929180517158593,163.59394890000112,0.05445690000124159,0.4757501184940338
87,0,0.7410499155521393,0.2589500844478607,0,0.34943676399304757,163.59394890000112,0.05445690000124159,0.4757501184940338
88,1,0.4073677062988281,0.5926322937011719,1,1.4547846688329322,163.59394890000112,0.05445690000124159,0.4757501184940338
89,0,0.8451785445213318,0.1548214554786682,0,0.18318195188728031,163.59394890000112,0.05445690000124159,0.4757501184940338
90,1,0.0004393458366394043,0.9995606541633606,1,2275.1112467779135,163.59394890000112,0.05445690000124159,0.4757501184940338
91,1,9.226799011230469e-05,0.9999077320098877,1,10836.994832041344,163.59394890000112,0.05445690000124159,0.4757501184940338
92,1,0.4551117420196533,0.5448882579803467,1,1.1972625789927795,163.59394890000112,0.05445690000124159,0.4757501184940338
93,0,0.4130045771598816,0.5869954228401184,1,1.4212806716979356,163.59394890000112,0.05445690000124159,0.4757501184940338
94,0,0.8724124878644943,0.12758751213550568,0,0.14624677421550497,163.59394890000112,0.05445690000124159,0.4757501184940338
95,0,0.784789577126503,0.215210422873497,0,0.2742269127241562,163.59394890000112,0.05445690000124159,0.4757501184940338
96,1,0.7068643569946289,0.2931356430053711,0,0.41469857703915675,163.59394890000112,0.05445690000124159,0.4757501184940338
97,0,0.9105051457881927,0.08949485421180725,0,0.09829143154851108,163.59394890000112,0.05445690000124159,0.4757501184940338
98,0,0.8376713991165161,0.1623286008834839,0,0.19378553577774088,163.59394890000112,0.05445690000124159,0.4757501184940338
99,0,0.8486048132181168,0.15139518678188324,0,0.1784048174411782,163.59394890000112,0.05445690000124159,0.4757501184940338
100,1,0.9006284922361374,0.09937150776386261,0,0.11033573623363474,163.59394890000112,0.05445690000124159,0.4757501184940338
