"dataset" "true_model" "mean.theta." "var.theta." "sigma2" "mu" "tau2" "dataset.1" "true_model.1" "mean.theta..1" "var.theta..1" "sigma2.1" "mu.1" "tau2.1"
"1" 1 0 0.00933692555224036 0.0733654060271867 0.0873786262897202 NA 0.0801372520102829 1 0 0.00955340837397956 0.0734342910600877 0.0873774849880855 0.00955872294315515 0.0818432199381742
"2" 2 1 -0.478051673173788 0.407521814997437 0.0898562144205892 NA 0.670124975270733 2 1 -0.479343567780717 0.406333261165678 0.0898584191284657 -0.4752199122639 0.439899219151217
"3" 3 1 -0.423287892328971 0.209046765226467 0.143569717741229 NA 0.417290165445062 3 1 -0.426325191975855 0.206599461846476 0.143579513579087 -0.42456314701706 0.227611887656608
"4" 4 1 0.489088200760665 1.49970615590848 6.92397222509759 NA 1.74198672597594 4 1 0.528084764788587 1.47125116058747 6.92371118204568 0.512100010019684 1.55230162560298
"5" 5 0 0.00128406445540564 0.00440924505542747 0.332900725890811 NA 0.00881306194808617 5 0 0.00229119689212585 0.00455034181622706 0.33298204643353 0.0023480912922997 0.00914451249505629
"6" 6 0 -0.0496591499599112 0.372412452902486 0.74020522645903 NA 0.411389203816126 6 0 -0.0515294993640295 0.372898145695356 0.740287710204913 -0.0510311369144627 0.417409717166454
"7" 7 0 0.0990575653443849 0.41054198702228 0.730155112380688 NA 0.458643165757734 7 0 0.102312925399496 0.410563817417711 0.730037375815316 0.10166797099428 0.457531379516159
"8" 8 1 1.47780578560743 1.39673299592331 1.33890395439681 NA 2.83439270153465 8 1 1.49130950831653 1.36848117732859 1.33871640069947 1.45016894724399 1.38770000657565
"9" 9 1 1.14210384552249 0.300183093102138 0.030587199220368 NA 1.55718929928879 9 1 1.14255398403661 0.299241963613081 0.030591986197242 1.13541086293266 0.324762478177451
"10" 10 1 -1.2389230415018 0.939639171426921 1.15827794699863 NA 2.19511092776512 10 1 -1.25166752038712 0.914261868922291 1.15827873421559 -1.22811107071216 0.973866525505206
"11" 11 0 0.0431264334845724 0.517546140592168 1.21253493743363 NA 0.569542577213943 11 0 0.0449444508804783 0.518204270020007 1.21245760952242 0.0442799574180642 0.57944148788795
"12" 12 1 -0.190125623545695 3.06318256717823 0.962514809306544 NA 2.55107633132161 12 1 -0.19151447588838 3.06341171431363 0.962620343589859 -0.181962750134304 2.55705558895072
"13" 13 1 -1.1869754811312 0.658179993449389 3.14759822474598 NA 1.947317001357 13 1 -1.22504461741661 0.584784878693697 3.14728328629491 -1.20864405346364 0.683441456446507
"14" 14 0 0.136930349171854 0.294290243298721 0.955579274092472 NA 0.351471735950461 14 0 0.144620477040915 0.292810745111174 0.955741110152491 0.143533654876178 0.336556487253484
"15" 15 0 -0.0569898483215725 0.998954496361211 3.06674416563767 NA 1.07012383446771 15 0 -0.0602704844751407 1.00021206341733 3.06700738321409 -0.0592347225702631 1.08673626647435
"16" 16 0 -0.0458349877843497 0.582360276884234 0.410400055308615 NA 0.619470970171808 16 0 -0.0464852572540153 0.582607979088156 0.410362091034964 -0.0463420590447183 0.630194732826414
"17" 17 0 0.00263910618616174 0.361903520163611 0.00755575174745859 NA 0.382799212478924 17 0 0.00263989955630146 0.361898884672898 0.00755446458426879 0.00268091526449374 0.391159903996542
"18" 18 1 -0.804007949500032 0.423954787010342 0.118686026384991 NA 1.09296877167777 18 1 -0.805821377360373 0.421268621615995 0.118689420335256 -0.798612815191178 0.456725990913936
"19" 19 0 0.0131430156095857 0.0570702649509637 0.000567411192577772 NA 0.0610632493524575 19 0 0.013143895523684 0.0570704429192528 0.000567506104444934 0.0131088705520537 0.0621000121995579
"20" 20 0 0.199351873941994 2.22552418757393 0.140371755953993 NA 2.02425172089868 20 0 0.199614952203765 2.2254199178192 0.140383342748044 0.191158005941003 2.02352697033322
"21" 21 1 0.411528611069346 1.78784540877939 2.1432419949469 NA 1.83819986654305 21 1 0.421081517370885 1.78276930827794 2.14311883198091 0.406666654146334 1.73173288029578
"22" 22 0 -0.140666761141312 0.870518243028871 0.442928634117119 NA 0.920053198048584 22 0 -0.142014654279489 0.870295109750892 0.442898758753124 -0.139252807890678 0.917275972702703
"23" 23 0 0.0481826642625547 0.435908159782849 0.100056997390241 NA 0.463930942693029 23 0 0.0484370685131436 0.435954769114587 0.100057467643682 0.0483002791945754 0.47143602396054
"24" 24 0 0.0380530408880327 0.0721424453725618 0.0169297427742576 NA 0.0786734675940807 24 0 0.0382154978445172 0.0721427501906029 0.0169307075165486 0.0382071265695989 0.0788787579544516
"25" 25 0 -0.0189076917047948 0.118502762362779 0.264366117727227 NA 0.132097184493444 25 0 -0.0197057785777175 0.118673369399691 0.264365746413212 -0.0196343209648002 0.134601517978876
"26" 26 1 1.74308559312272 1.17309064578028 0.396325222662585 NA 3.13770622802693 26 1 1.74732584341061 1.16302307717946 0.396325045494486 1.70663910370288 1.19238522636996
"27" 27 0 -0.0068559060048597 0.0902423191898593 0.62518778762652 NA 0.108328277726393 27 0 -0.00769180358531062 0.0906136704395393 0.625252677450782 -0.00745797550060665 0.110771875133797
"28" 28 1 -0.198287199757759 0.940880753678063 0.416869210093605 NA 1.00430515110784 28 1 -0.199995630411106 0.940614257201981 0.416860206265326 -0.196174400863411 0.984953390260205
"29" 29 1 -0.466447505507846 0.799077876716983 0.401034414854381 NA 1.04173599780167 29 1 -0.470049555508664 0.796151632385347 0.401055671657864 -0.462549698905775 0.84463948288961
"30" 30 0 0.00887944924421615 0.00322888641675232 0.0990087627039617 NA 0.0050714767846871 30 0 0.0125575545950719 0.00322379730283122 0.0990151103367846 0.0125741335600043 0.00506491058016564
"31" 31 1 -1.62224462540628 0.740054596932534 1.00469342438451 NA 2.72833455382418 31 1 -1.6338901220746 0.712128248134263 1.00465566926857 -1.60951148869455 0.773570543436945
"32" 32 0 -0.0218158155036428 0.356722903049779 0.975870747105244 NA 0.39771160711608 32 0 -0.0229412083694313 0.357333264081747 0.975790556470022 -0.0228441661933548 0.405785254491397
"33" 33 0 0.00394915580973407 1.10665843174546 0.201646956315607 NA 1.11585554175921 33 0 0.00398020609302035 1.10668766719491 0.201629150923999 0.00372155369120901 1.13568089825129
"34" 34 1 1.67250037782681 0.497412323722862 0.530392595588324 NA 2.68462905911819 34 1 1.67896641697679 0.481051001445848 0.530343716601593 1.6617290188249 0.527452379349341
"35" 35 1 1.2029356986576 0.310029885550225 0.214210949099286 NA 1.68077883097713 35 1 1.20600319948116 0.303443359976529 0.214218966168506 1.19793472259435 0.332940526023215
"36" 36 1 2.37809223634493 0.975613487325301 0.20824049870785 NA 4.09214128395782 36 1 2.38039839175292 0.969350384585472 0.208252062331166 2.33368056340506 1.01066184207835
"37" 37 0 0.0806749313845379 0.457077160259817 0.0985499270883604 NA 0.490344982623658 37 0 0.0810045937254234 0.457080839877682 0.0985379898292824 0.0802801710202325 0.493766113430232
"38" 38 0 -0.177963534103892 2.29423991798063 0.0722676014607253 NA 2.0642114270462 38 0 -0.178070866997692 2.29430687173554 0.0722727200620521 -0.171340756551118 2.07139961890138
"39" 39 1 0.235456506588448 2.1084808560649 0.309993385976244 NA 1.95862651705293 39 1 0.23620439828985 2.10833060668434 0.310033829306318 0.227863191141915 1.94438872836912
"40" 40 0 -0.0531969585168556 0.653701669839628 0.120208223812482 NA 0.685777810975357 40 0 -0.0533929232162044 0.653808639051221 0.120214127466797 -0.0530815615366476 0.696773711994587
"41" 41 0 0.0374446384481144 0.182192229280741 0.788255944329771 NA 0.210992032899615 41 0 0.0403007087440689 0.182614396273053 0.788220773982522 0.0401598256381314 0.214310264489305
"42" 42 0 0.0429937673256116 0.0201010202592541 1.10583292264199 NA 0.038725772859065 42 0 0.069180450364226 0.0183868446438134 1.10589798434828 0.0690487258197791 0.034697253415032
"43" 43 0 -0.088112628632659 0.582287916060277 0.0154099425014233 NA 0.617732352148306 43 0 -0.0881690279916705 0.582277208637893 0.0154116697169862 -0.0872847157098829 0.622283776536711
"44" 44 1 -0.0162326041117969 0.20447839341056 0.844281275830157 NA 0.234566274337367 44 1 -0.0174586184035459 0.205082188101521 0.844268991810992 -0.017339976290845 0.239750743578344
"45" 45 0 -0.159878161925056 0.522625961738787 0.0288555968661331 NA 0.575881310302591 45 0 -0.160059322550392 0.522590461426502 0.0288548928840657 -0.158332680463516 0.560535588441861
"46" 46 1 -1.58202038251769 1.67200129596015 0.476117075845605 NA 3.11871938376849 46 1 -1.5865583243868 1.66202319283578 0.476077850809154 -1.53704143108382 1.6147907065841
"47" 47 0 0.0798453450863596 0.596124524729774 1.44138220839975 NA 0.657772868784223 47 0 0.0834095975088567 0.596542123309529 1.44116256930935 0.0823408810410305 0.664501844994678
"48" 48 1 -0.806573004324753 0.252446723096799 0.88179358082195 NA 0.952010603513249 48 1 -0.8217790920343 0.229464872277898 0.881920144842452 -0.817395654560589 0.266767922300616
"49" 49 1 1.32176798482795 0.259189714501374 1.15722284733251 NA 1.88324413718823 49 1 1.33781493804693 0.22317075461205 1.15727487209903 1.33098356007813 0.265386872319648
"50" 50 0 -0.0505711610623382 0.797936911257754 0.20088499803114 NA 0.828836843303831 50 0 -0.050859464890039 0.798030864844935 0.200870022153987 -0.0499976220013922 0.843260193879235
"51" 51 1 -1.32711295813124 0.176718392681335 0.00231374949306856 NA 1.81708855956467 51 1 -1.32714798654105 0.176638226550494 0.00231386728368777 -1.3221448184351 0.191970801416392
"52" 52 1 0.456907501055711 0.528006063164037 0.097502337692099 NA 0.769087774962584 52 1 0.458087660998275 0.527014885648929 0.097497741244708 0.453150904197141 0.566894001964932
"53" 53 1 -0.00818033669883882 0.697164248099623 0.377692110022466 NA 0.731681129976394 53 1 -0.00826990133768295 0.69744657182491 0.377697432906805 -0.00809025650511889 0.746403824035657
"54" 54 1 1.48222320180554 1.86997968324212 0.387767708075343 NA 3.06261675403899 54 1 1.48577350371576 1.86280693363233 0.387717037562108 1.43457486511916 1.76813471510688
"55" 55 1 -1.89923036288852 0.353780620453327 3.29177388860016 NA 3.05424693904479 55 1 -1.93835427092952 0.253622697509942 3.29161926758213 -1.92542074117961 0.334253844326065
"56" 56 1 0.678183205803567 1.21847443747023 0.287878739357371 NA 1.60634238660631 56 1 0.680675416023359 1.21570609664688 0.287908343480736 0.664333628713292 1.23614691956171
"57" 57 0 0.0683857847959388 0.416249555476177 0.80451000116101 NA 0.460571261854458 57 0 0.0709599853055279 0.416395334290842 0.804470956608049 0.0704732483327579 0.464960149011186
"58" 58 0 -0.0540953997149505 0.939956002875876 0.352081568044369 NA 0.968000593374784 58 0 -0.0544461442476492 0.940274880854655 0.352111714878023 -0.0534755661337188 0.983301205481958
"59" 59 0 0.159619756358949 1.3092209450213 0.956272832062167 NA 1.32838872922301 59 0 0.16190897620237 1.30944259077631 0.956222481197298 0.157760030798516 1.32868335256804
"60" 60 0 -0.045713054030764 0.333640064919102 0.777707368977721 NA 0.371590133690449 60 0 -0.0476512772457149 0.334098868623763 0.777710212066864 -0.0473817299335863 0.377371366177296
"61" 61 0 -0.101192851229352 1.2555812158117 5.5147828368747 NA 1.34210442729382 61 0 -0.109227327740507 1.25731410544155 5.5149435858203 -0.106384416432987 1.35388876526997
"62" 62 0 -0.00491531693727856 0.0924677297888958 1.14174940581825 NA 0.119281679290424 62 0 -0.00587358375180775 0.0930935382761682 1.1418501076316 -0.00575669519379268 0.122189047804809
"63" 63 1 -0.812644568731318 0.50334632971835 2.68530670184131 NA 1.22102633872275 63 1 -0.848883041785119 0.450838607881095 2.68537404262946 -0.839855120902328 0.536547615164775
"64" 64 0 -0.026998655285618 1.2196551983807 0.0371813392799687 NA 1.21425049454125 64 0 -0.0270257844619401 1.21968740572512 0.037185248057653 -0.0263914808641471 1.23503066450578
"65" 65 0 0.00220249374673506 0.116893356960596 0.00257360600420772 NA 0.124558234790525 65 0 0.00220036900004055 0.116894001872929 0.00257295769066134 0.00209868578779985 0.127227002919086
"66" 66 1 -1.16020055643197 0.608188795365996 2.52312326808812 NA 1.85884974501627 66 1 -1.19155803349326 0.547730210233082 2.52298893809771 -1.1765406648403 0.634040892855523
"67" 67 0 -0.0735345380640937 0.200678211516507 0.129438944574724 NA 0.221961536633441 67 0 -0.0744288519542254 0.20064012767255 0.129441648828154 -0.0739953968541074 0.220726017626834
"68" 68 1 0.39069084519875 2.00569217831978 0.292485760864178 NA 1.95643126097437 68 1 0.391828363751491 2.00504587694856 0.292479188466818 0.377752273738236 1.87010258917586
"69" 69 0 -0.00603078111726381 0.323873515967546 0.018299794536858 NA 0.343557913126732 69 0 -0.0060265783238262 0.323886751850719 0.0182997699388385 -0.00609549042219259 0.350701906827406
"70" 70 1 -0.693931349501063 0.28138266639002 0.400487366010536 NA 0.806348254768178 70 1 -0.701010138425258 0.272009411092379 0.400439376489448 -0.696494473831811 0.30318859365385
"71" 71 1 -0.0370825913832141 0.829503274088897 3.30781292860494 NA 0.913360523846838 71 1 -0.0400118156575752 0.831935858408788 3.30799806696281 -0.0393666694319912 0.931928233524098
"72" 72 0 -0.0101066402279499 0.219418199906707 0.340461949759351 NA 0.240380776646103 72 0 -0.0103773340887843 0.219610596397743 0.340427312424541 -0.0105507116268346 0.245650047353721
"73" 73 0 0.0511419398847472 0.873829414235552 1.34335157591051 NA 0.922611630114329 73 0 0.0527060734173034 0.874708018138264 1.34347801346277 0.0515071475742277 0.939058598862598
"74" 74 1 1.67035483189289 0.207820667314497 0.454026717379148 NA 2.51921991166819 74 1 1.67620720653073 0.192271840680219 0.454016145913452 1.66900591071524 0.218364354711442
"75" 75 1 0.490655013616945 0.130641518345164 0.176106404190854 NA 0.401774076146854 75 1 0.495151112615526 0.126368577666487 0.176093480864124 0.493835039435525 0.141051053604782
"76" 76 1 0.0568347031232153 1.05084009924196 0.00766306049765161 NA 1.06450081804587 76 1 0.0568456080283139 1.0508704790439 0.00766184149590588 0.0550248492691622 1.08096615265476
"77" 77 1 0.549882694149956 1.13938802192301 0.0493849894133813 NA 1.40915575803409 77 1 0.550257870875122 1.13901187830291 0.0493816607583425 0.53787769867964 1.16348868397772
"78" 78 0 -0.021443266656216 0.897070110725278 0.324104537330118 NA 0.925314155078306 78 0 -0.0216430350781127 0.897302701334312 0.324152379082513 -0.0207675678157029 0.941978791703952
"79" 79 0 -0.323364161598772 1.3527335162186 0.195006341769988 NA 1.42083039509772 79 0 -0.32426189013125 1.35238921602869 0.195033660399005 -0.315494140927431 1.35375821064933
"80" 80 0 -0.228146547928141 1.16227127843948 0.936620142306699 NA 1.22561037026309 80 0 -0.231621590494326 1.16138918491213 0.936777014501426 -0.226208030031641 1.19815837217388
"81" 81 1 1.47737774475972 0.770834119764206 0.452473038761436 NA 2.48645227076878 81 1 1.48264793008431 0.758795210630693 0.452494113713015 1.45904940780598 0.809963503812813
"82" 82 1 -1.55984502948407 0.0649744516159849 0.174772181449778 NA 2.21089557361191 82 1 -1.56227297706652 0.0586289597724702 0.174766824652025 -1.56018569929811 0.0674122800052631
"83" 83 0 -0.0866122987992167 0.273385919734644 0.4141937166421 NA 0.306739131087922 83 0 -0.0890859817335125 0.273293686853241 0.414236642309771 -0.0885262684909564 0.304879140417394
"84" 84 0 -0.0066419832187032 0.177011833789703 2.88054818495825 NA 0.238371270852882 84 0 -0.00837897994643956 0.178880368622674 2.88059808461501 -0.00848988682014809 0.244753707941458
"85" 85 0 -0.221186223417757 0.323719128889336 0.544955011754717 NA 0.406069872704694 85 0 -0.227325544221448 0.321469755725909 0.54487746201258 -0.22563320970847 0.35929199152499
"86" 86 0 -0.108171186066364 0.187411764052733 0.00639273957991133 NA 0.211961801626857 86 0 -0.108237208122376 0.187396869475103 0.00639347372842884 -0.10774938974041 0.203801123285534
"87" 87 1 -0.891051460067652 0.23270007324939 0.975492016018006 NA 1.07215707760677 87 1 -0.907503178919009 0.205462458109406 0.975631237640249 -0.902960867086266 0.242602473226353
"88" 88 1 0.40839936320736 0.668586013448167 2.14997407561975 NA 0.90217053899872 88 1 0.428226941942998 0.654476279396443 2.1495054264427 0.421738972225088 0.735500666721354
"89" 89 1 -0.397178731961377 0.136737513047715 0.0466028017550424 NA 0.316511082620941 89 1 -0.398398862359367 0.135797704355928 0.0465995777425376 -0.397303396685855 0.148684580798066
"90" 90 0 0.130037814682338 0.57196320020995 1.43861522205621 NA 0.644292881163425 90 0 0.136068807868288 0.571454520381574 1.43877495554154 0.134045159950769 0.638324357363466
"91" 91 0 0.0453120854668774 0.190447432232427 0.638480362242342 NA 0.217653850869944 91 0 0.0480426972802411 0.19074944162408 0.638435415517856 0.0478306236771167 0.22026016861027
"92" 92 1 -2.90416350481805 0.168016634230356 0.0377600557337241 NA 4.694779278397 92 1 -2.90459467234374 0.166617072084708 0.0377580226906384 -2.89409548758253 0.182024043480038
"93" 93 1 -1.60813765533556 1.02817519051223 2.49163202559503 NA 2.86874194306354 93 1 -1.63513818724211 0.966912350967043 2.4914680817982 -1.60194379090851 1.04740033814268
"94" 94 1 -1.38580687219871 0.918865018748172 1.04507405154204e-05 NA 2.40395097103488 94 1 -1.38580669772257 0.918864970416504 1.04544764906778e-05 -1.36011137806892 0.952525347196009
"95" 95 1 -0.187440095568529 1.03500753943108 1.36404595026311 NA 1.10424725077973 95 1 -0.192103801610181 1.03428641508485 1.36412774349962 -0.188220262449135 1.08966203847207
"96" 96 0 0.00444074705891077 0.296921961702922 0.483896728746478 NA 0.32483376298101 96 0 0.00451200405842702 0.297385312754823 0.48387068005321 0.00432357864862583 0.331923413128497
"97" 97 1 0.942981047752771 0.521094425779754 0.0580548633166231 NA 1.39211346746936 97 1 0.943767461004898 0.519733128225317 0.0580580019934496 0.933413111735424 0.558327465329206
"98" 98 0 -0.00303876517410309 0.0624052155854379 0.512049467246201 NA 0.076271930173135 98 0 -0.00352140013126912 0.0627037430964004 0.512151978900789 -0.00360648175987273 0.0780263449539245
"99" 99 0 -0.152730849854464 1.24621839066144 1.96029439777279 NA 1.29018456303678 99 0 -0.157435910249421 1.2463757283877 1.9601600264846 -0.153326062217904 1.29105907610175
"100" 100 0 -0.0834355555418718 0.536776959491853 1.37542819324618 NA 0.597277754433908 100 0 -0.0875142734568499 0.537161255561932 1.37523807626706 -0.0868358836296357 0.60212203701412
