"dataset" "true model" "m0_prob" "m1_prob" "selected_model" "bayes_factor" "compile_time" "stan_time" "bridge_time"
"1" 1 0 0.838793695352929 0.161206304646519 0 0.192188264575225 33.9071118831635 51.5706961154938 35.8770041465759
"2" 2 1 2.22221106588515e-27 1 1 4.50002259167144e+26 33.9071118831635 48.8745679855347 35.6358890533447
"3" 3 1 0.530727765876484 0.46927223412421 0 0.884205169398001 33.9071118831635 105.157513856888 37.3165879249573
"4" 4 0 0.773529013578313 0.22647098642148 0 0.292776330876124 33.9071118831635 50.0320451259613 35.6783769130707
"5" 5 0 0.539256557956094 0.460743442043215 0 0.854404893647293 33.9071118831635 48.6440069675446 35.4289448261261
"6" 6 0 0.363607383570327 0.636392616429524 1 1.75021917921174 33.9071118831635 49.0641210079193 35.4857008457184
"7" 7 0 0.691538099442046 0.308461900557936 0 0.446051925131852 33.9071118831635 49.4997160434723 35.220782995224
"8" 8 0 0.651501605342975 0.348498394657642 0 0.534915634588773 33.9071118831635 48.8707599639893 35.4341788291931
"9" 9 1 0.0488015194977405 0.951198480502152 1 19.4911652400701 33.9071118831635 49.1484270095825 35.1712040901184
"10" 10 0 0.804916952208299 0.195083047792363 0 0.242364193297035 33.9071118831635 49.6046230792999 34.9775629043579
"11" 11 1 2.36101561311582e-07 0.999999763898841 1 4235464.42616416 33.9071118831635 49.31028008461 35.3755729198456
"12" 12 1 2.8260976843623e-09 0.99999999717329 1 353844809.651799 33.9071118831635 51.3351230621338 34.9516520500183
"13" 13 0 0.845468565065012 0.154531434935116 0 0.182776085735147 33.9071118831635 48.1267788410187 35.1672809123993
"14" 14 1 0.125471700494347 0.87452829950596 1 6.96992466073253 33.9071118831635 48.1014220714569 35.2358191013336
"15" 15 1 0.000291905696458179 0.999708094304174 1 3424.76390981895 33.9071118831635 50.501876115799 35.0461220741272
"16" 16 1 0.776385725600859 0.223614274398866 0 0.288019559124158 33.9071118831635 49.4383499622345 35.3770129680634
"17" 17 0 0.640957729154715 0.359042270845784 0 0.560165287846988 33.9071118831635 49.0175020694733 34.9635610580444
"18" 18 0 0.828606588075102 0.171393411924979 0 0.206845340589733 33.9071118831635 49.7156817913055 35.4454660415649
"19" 19 1 0.000262617354925464 0.999737382644644 1 3806.82146057653 33.9071118831635 57.3053538799286 34.8836920261383
"20" 20 0 0.149963971310457 0.850036028689341 1 5.66826832642986 33.9071118831635 48.6038489341736 35.0369868278503
"21" 21 0 0.767973850330204 0.232026149669784 0 0.302127669542575 33.9071118831635 48.1415569782257 34.7778627872467
"22" 22 1 3.47446372740626e-19 1 1 2878142005364600320 33.9071118831635 49.9561479091644 35.2145478725433
"23" 23 0 0.846440500957192 0.15355949904246 0 0.181417948301914 33.9071118831635 49.8987410068512 34.8545711040497
"24" 24 0 0.87507128833057 0.124928711669479 0 0.142764039152762 33.9071118831635 49.3196051120758 35.0850231647491
"25" 25 1 0.217450575930656 0.782549424069371 1 3.59874615516079 33.9071118831635 49.4928851127625 35.0346128940582
"26" 26 0 0.68752699930212 0.312473000696612 0 0.454488334291425 33.9071118831635 76.0865840911865 35.8695011138916
"27" 27 1 6.43333720501682e-10 0.999999999356078 1 1554403208.62043 33.9071118831635 49.157154083252 35.3098628520966
"28" 28 0 0.500861280571683 0.499138719428288 0 0.996560801943056 33.9071118831635 50.2737219333649 35.2412900924683
"29" 29 1 0.538653681776245 0.461346318224108 0 0.856480395158261 33.9071118831635 47.9102509021759 35.1727428436279
"30" 30 1 0.484445466133045 0.515554533866947 1 1.06421583007526 33.9071118831635 48.3366708755493 35.6841797828674
"31" 31 0 0.870650085580502 0.129349914419283 0 0.148567049566097 33.9071118831635 47.8146159648895 35.4164550304413
"32" 32 0 0.723399321993732 0.276600678006339 0 0.382362368331385 33.9071118831635 49.8695621490479 34.8826839923859
"33" 33 1 0.607229200145657 0.39277079985509 0 0.646824625293551 33.9071118831635 51.367518901825 34.9340260028839
"34" 34 1 1.59678655512007e-09 0.999999998402927 1 626257777.024443 33.9071118831635 49.7859570980072 35.1972651481628
"35" 35 0 0.886431807843132 0.113568192156616 0 0.128118363029177 33.9071118831635 49.9054508209229 35.3710749149323
"36" 36 0 0.64532408912315 0.354675910877056 0 0.549608974554086 33.9071118831635 48.3927571773529 34.8354210853577
"37" 37 0 0.76693505261383 0.233064947385969 0 0.303891374623906 33.9071118831635 49.8976399898529 35.075147151947
"38" 38 0 0.569249492561668 0.430750507438926 0 0.756698974826747 33.9071118831635 49.7275159358978 35.1202731132507
"39" 39 1 0.694057369729718 0.305942630270605 0 0.440803085762164 33.9071118831635 49.0988540649414 35.3215930461884
"40" 40 1 7.81848872770769e-06 0.999992181511158 1 127900.955841673 33.9071118831635 48.8399720191956 35.1286931037903
"41" 41 1 0.437162207105529 0.562837792894726 1 1.28748044489439 33.9071118831635 49.2123498916626 35.0085809230804
"42" 42 0 0.899023987100707 0.100976012899999 0 0.11231737345197 33.9071118831635 49.6275370121002 35.6566469669342
"43" 43 0 0.834917427082859 0.165082572917251 0 0.197723232934707 33.9071118831635 48.8627510070801 35.389643907547
"44" 44 0 0.859920714938503 0.140079285060791 0 0.162897907479265 33.9071118831635 49.561115026474 35.325875043869
"45" 45 1 0.0340193464103924 0.965980653589101 1 28.3950385744198 33.9071118831635 55.1116230487823 35.7126960754395
"46" 46 0 0.863269074506088 0.136730925494716 0 0.158387378319376 33.9071118831635 60.7502150535583 35.2075579166412
"47" 47 0 0.884977076711931 0.115022923288743 0 0.129972771404834 33.9071118831635 49.4341220855713 35.5468699932098
"48" 48 1 0.455339259694288 0.544660740304951 1 1.19616468097786 33.9071118831635 49.1219182014465 35.080414056778
"49" 49 0 0.745403632079924 0.254596367919656 0 0.341555040736401 33.9071118831635 49.3949580192566 35.0586450099945
"50" 50 1 1.33184135737491e-14 1 1 75084017661876 33.9071118831635 49.766165971756 35.2277400493622
"51" NA NA NA NA NA NA NA NA NA
"52" NA NA NA NA NA NA NA NA NA
"53" NA NA NA NA NA NA NA NA NA
"54" NA NA NA NA NA NA NA NA NA
"55" NA NA NA NA NA NA NA NA NA
"56" NA NA NA NA NA NA NA NA NA
"57" NA NA NA NA NA NA NA NA NA
"58" NA NA NA NA NA NA NA NA NA
"59" NA NA NA NA NA NA NA NA NA
"60" NA NA NA NA NA NA NA NA NA
"61" NA NA NA NA NA NA NA NA NA
"62" NA NA NA NA NA NA NA NA NA
"63" NA NA NA NA NA NA NA NA NA
"64" NA NA NA NA NA NA NA NA NA
"65" NA NA NA NA NA NA NA NA NA
"66" NA NA NA NA NA NA NA NA NA
"67" NA NA NA NA NA NA NA NA NA
"68" NA NA NA NA NA NA NA NA NA
"69" NA NA NA NA NA NA NA NA NA
"70" NA NA NA NA NA NA NA NA NA
"71" NA NA NA NA NA NA NA NA NA
"72" NA NA NA NA NA NA NA NA NA
"73" NA NA NA NA NA NA NA NA NA
"74" NA NA NA NA NA NA NA NA NA
"75" NA NA NA NA NA NA NA NA NA
"76" NA NA NA NA NA NA NA NA NA
"77" NA NA NA NA NA NA NA NA NA
"78" NA NA NA NA NA NA NA NA NA
"79" NA NA NA NA NA NA NA NA NA
"80" NA NA NA NA NA NA NA NA NA
"81" NA NA NA NA NA NA NA NA NA
"82" NA NA NA NA NA NA NA NA NA
"83" NA NA NA NA NA NA NA NA NA
"84" NA NA NA NA NA NA NA NA NA
"85" NA NA NA NA NA NA NA NA NA
"86" NA NA NA NA NA NA NA NA NA
"87" NA NA NA NA NA NA NA NA NA
"88" NA NA NA NA NA NA NA NA NA
"89" NA NA NA NA NA NA NA NA NA
"90" NA NA NA NA NA NA NA NA NA
"91" NA NA NA NA NA NA NA NA NA
"92" NA NA NA NA NA NA NA NA NA
"93" NA NA NA NA NA NA NA NA NA
"94" NA NA NA NA NA NA NA NA NA
"95" NA NA NA NA NA NA NA NA NA
"96" NA NA NA NA NA NA NA NA NA
"97" NA NA NA NA NA NA NA NA NA
"98" NA NA NA NA NA NA NA NA NA
"99" NA NA NA NA NA NA NA NA NA
"100" NA NA NA NA NA NA NA NA NA
