dataset,true_model,m0_prob,m1_prob,selected_model,bayes_factor,training_time,inference_time,final_epoch_loss
1,0,0.9421717338263988,0.05782826617360115,0,0.061377627981626943,670.5036900999999,0.047907000000122935,0.2909124791622162
2,1,0.000935673713684082,0.9990643262863159,1,1067.7486303987769,670.5036900999999,0.047907000000122935,0.2909124791622162
3,1,0.0008105039596557617,0.9991894960403442,1,1232.8002647448154,670.5036900999999,0.047907000000122935,0.2909124791622162
4,1,0.04376620054244995,0.95623379945755,1,21.84868203329815,670.5036900999999,0.047907000000122935,0.2909124791622162
5,0,0.9540395177900791,0.04596048220992088,0,0.04817461054064402,670.5036900999999,0.047907000000122935,0.2909124791622162
6,0,0.8887621313333511,0.11123786866664886,0,0.1251604504118172,670.5036900999999,0.047907000000122935,0.2909124791622162
7,0,0.8401284962892532,0.15987150371074677,0,0.19029410907602826,670.5036900999999,0.047907000000122935,0.2909124791622162
8,1,0.0002003312110900879,0.9997996687889099,1,4990.733412674799,670.5036900999999,0.047907000000122935,0.2909124791622162
9,1,0.00019806623458862305,0.9998019337654114,1,5047.81613000301,670.5036900999999,0.047907000000122935,0.2909124791622162
10,1,0.00021690130233764648,0.9997830986976624,1,4609.391865897224,670.5036900999999,0.047907000000122935,0.2909124791622162
11,0,0.8857009932398796,0.11429900676012039,0,0.12904920241990078,670.5036900999999,0.047907000000122935,0.2909124791622162
12,1,0.7370124161243439,0.26298758387565613,0,0.356829244829556,670.5036900999999,0.047907000000122935,0.2909124791622162
13,1,0.0002244114875793457,0.9997755885124207,1,4455.099867197875,670.5036900999999,0.047907000000122935,0.2909124791622162
14,0,0.7147211134433746,0.28527888655662537,0,0.39914713752083275,670.5036900999999,0.047907000000122935,0.2909124791622162
15,0,0.8622241169214249,0.13777588307857513,0,0.15979126583759284,670.5036900999999,0.047907000000122935,0.2909124791622162
16,0,0.8694424033164978,0.1305575966835022,0,0.15016244455698133,670.5036900999999,0.047907000000122935,0.2909124791622162
17,0,0.8917430639266968,0.10825693607330322,0,0.12139924654597838,670.5036900999999,0.047907000000122935,0.2909124791622162
18,1,0.00029277801513671875,0.9997072219848633,1,3414.557003257329,670.5036900999999,0.047907000000122935,0.2909124791622162
19,0,0.9505656883120537,0.04943431168794632,0,0.05200515050751329,670.5036900999999,0.047907000000122935,0.2909124791622162
20,0,0.7309257090091705,0.26907429099082947,0,0.36812809793704154,670.5036900999999,0.047907000000122935,0.2909124791622162
21,1,0.2625574469566345,0.7374425530433655,1,2.8086902946049963,670.5036900999999,0.047907000000122935,0.2909124791622162
22,0,0.7913690507411957,0.20863094925880432,0,0.2636329397307119,670.5036900999999,0.047907000000122935,0.2909124791622162
23,0,0.8774339929223061,0.12256600707769394,0,0.13968686883156436,670.5036900999999,0.047907000000122935,0.2909124791622162
24,0,0.9297611638903618,0.07023883610963821,0,0.07554503117310332,670.5036900999999,0.047907000000122935,0.2909124791622162
25,0,0.9343637302517891,0.06563626974821091,0,0.07024702224959382,670.5036900999999,0.047907000000122935,0.2909124791622162
26,1,0.00016200542449951172,0.9998379945755005,1,6171.632818248712,670.5036900999999,0.047907000000122935,0.2909124791622162
27,0,0.9342984259128571,0.06570157408714294,0,0.07032182894127127,670.5036900999999,0.047907000000122935,0.2909124791622162
28,1,0.6568023562431335,0.34319764375686646,0,0.5225280337298643,670.5036900999999,0.047907000000122935,0.2909124791622162
29,1,0.0096358060836792,0.9903641939163208,1,102.77958951392411,670.5036900999999,0.047907000000122935,0.2909124791622162
30,0,0.9580428525805473,0.04195714741945267,0,0.043794645830756436,670.5036900999999,0.047907000000122935,0.2909124791622162
31,1,0.00015866756439208984,0.9998413324356079,1,6301.485349361383,670.5036900999999,0.047907000000122935,0.2909124791622162
32,0,0.8981519564986229,0.1018480435013771,0,0.11339734080012914,670.5036900999999,0.047907000000122935,0.2909124791622162
33,0,0.839858666062355,0.16014133393764496,0,0.19067652738342444,670.5036900999999,0.047907000000122935,0.2909124791622162
34,1,0.0001544952392578125,0.9998455047607422,1,6471.691358024691,670.5036900999999,0.047907000000122935,0.2909124791622162
35,1,0.00019294023513793945,0.9998070597648621,1,5181.9521161569355,670.5036900999999,0.047907000000122935,0.2909124791622162
36,1,0.00012344121932983398,0.9998765587806702,1,8100.02172863351,670.5036900999999,0.047907000000122935,0.2909124791622162
37,0,0.8642796576023102,0.13572034239768982,0,0.1570329015659191,670.5036900999999,0.047907000000122935,0.2909124791622162
38,0,0.747223973274231,0.25277602672576904,0,0.33828682666341636,670.5036900999999,0.047907000000122935,0.2909124791622162
39,1,0.5983212292194366,0.40167877078056335,0,0.6713430029962151,670.5036900999999,0.047907000000122935,0.2909124791622162
40,0,0.8580451160669327,0.14195488393306732,0,0.1654398833755427,670.5036900999999,0.047907000000122935,0.2909124791622162
41,0,0.9133784249424934,0.08662157505750656,0,0.09483645846239501,670.5036900999999,0.047907000000122935,0.2909124791622162
42,0,0.8467656672000885,0.1532343327999115,0,0.1809642723312052,670.5036900999999,0.047907000000122935,0.2909124791622162
43,0,0.8300579935312271,0.1699420064687729,0,0.20473510018957441,670.5036900999999,0.047907000000122935,0.2909124791622162
44,1,0.9129566177725792,0.0870433822274208,0,0.09534229834467735,670.5036900999999,0.047907000000122935,0.2909124791622162
45,0,0.6950127482414246,0.30498725175857544,0,0.43882252883889966,670.5036900999999,0.047907000000122935,0.2909124791622162
46,1,0.00019508600234985352,0.9998049139976501,1,5124.944393522762,670.5036900999999,0.047907000000122935,0.2909124791622162
47,0,0.8543410003185272,0.14565899968147278,0,0.170492812152485,670.5036900999999,0.047907000000122935,0.2909124791622162
48,1,0.000278472900390625,0.9997215270996094,1,3590.013698630137,670.5036900999999,0.047907000000122935,0.2909124791622162
49,1,0.00018709897994995117,0.99981290102005,1,5343.76457470532,670.5036900999999,0.047907000000122935,0.2909124791622162
50,0,0.8497230708599091,0.15027692914009094,0,0.1768540060799015,670.5036900999999,0.047907000000122935,0.2909124791622162
51,1,0.0001659393310546875,0.9998340606689453,1,6025.298850574713,670.5036900999999,0.047907000000122935,0.2909124791622162
52,1,0.0025715231895446777,0.9974284768104553,1,387.87457988549704,670.5036900999999,0.047907000000122935,0.2909124791622162
53,1,0.866894394159317,0.13310560584068298,0,0.15354304600131138,670.5036900999999,0.047907000000122935,0.2909124791622162
54,1,0.00020247697830200195,0.999797523021698,1,4937.8330880188405,670.5036900999999,0.047907000000122935,0.2909124791622162
55,1,0.0001423358917236328,0.9998576641082764,1,7024.634840871022,670.5036900999999,0.047907000000122935,0.2909124791622162
56,1,0.0017684102058410645,0.9982315897941589,1,564.4796589032323,670.5036900999999,0.047907000000122935,0.2909124791622162
57,0,0.8621321618556976,0.13786783814430237,0,0.15991496924038714,670.5036900999999,0.047907000000122935,0.2909124791622162
58,0,0.8425097167491913,0.15749028325080872,0,0.18692993103804448,670.5036900999999,0.047907000000122935,0.2909124791622162
59,0,0.7346622943878174,0.2653377056121826,0,0.3611696253355215,670.5036900999999,0.047907000000122935,0.2909124791622162
60,0,0.8959804475307465,0.10401955246925354,0,0.11609578396037934,670.5036900999999,0.047907000000122935,0.2909124791622162
61,0,0.8242919445037842,0.17570805549621582,0,0.21316240764913744,670.5036900999999,0.047907000000122935,0.2909124791622162
62,0,0.9350854232907295,0.06491457670927048,0,0.06942101234005413,670.5036900999999,0.047907000000122935,0.2909124791622162
63,1,0.0003584623336791992,0.9996415376663208,1,2788.6933821084135,670.5036900999999,0.047907000000122935,0.2909124791622162
64,0,0.8276471644639969,0.1723528355360031,0,0.20824433760686262,670.5036900999999,0.047907000000122935,0.2909124791622162
65,0,0.9343421682715416,0.0656578317284584,0,0.07027172053030653,670.5036900999999,0.047907000000122935,0.2909124791622162
66,1,0.00022667646408081055,0.9997733235359192,1,4410.574020510124,670.5036900999999,0.047907000000122935,0.2909124791622162
67,0,0.8475120663642883,0.15248793363571167,0,0.17992420366339348,670.5036900999999,0.047907000000122935,0.2909124791622162
68,1,0.38185667991638184,0.6181433200836182,1,1.6187835714147463,670.5036900999999,0.047907000000122935,0.2909124791622162
69,0,0.8983481600880623,0.10165183991193771,0,0.11315416942800116,670.5036900999999,0.047907000000122935,0.2909124791622162
70,1,0.00032460689544677734,0.9996753931045532,1,3079.6492838780755,670.5036900999999,0.047907000000122935,0.2909124791622162
71,1,0.8574925661087036,0.1425074338912964,0,0.16619086803048838,670.5036900999999,0.047907000000122935,0.2909124791622162
72,0,0.9125363603234291,0.08746363967657089,0,0.09584674483060737,670.5036900999999,0.047907000000122935,0.2909124791622162
73,0,0.8460694551467896,0.15393054485321045,0,0.18193606200628545,670.5036900999999,0.047907000000122935,0.2909124791622162
74,1,0.00014972686767578125,0.9998502731323242,1,6677.828025477707,670.5036900999999,0.047907000000122935,0.2909124791622162
75,1,0.0004398822784423828,0.9995601177215576,1,2272.3355013550135,670.5036900999999,0.047907000000122935,0.2909124791622162
76,1,0.8412899225950241,0.1587100774049759,0,0.18865087188423976,670.5036900999999,0.047907000000122935,0.2909124791622162
77,1,0.005933105945587158,0.9940668940544128,1,167.5457851538562,670.5036900999999,0.047907000000122935,0.2909124791622162
78,0,0.8508277535438538,0.14917224645614624,0,0.17532602319895707,670.5036900999999,0.047907000000122935,0.2909124791622162
79,0,0.5396519601345062,0.4603480398654938,0,0.8530461739650751,670.5036900999999,0.047907000000122935,0.2909124791622162
80,0,0.6725589334964752,0.3274410665035248,0,0.4868585490363438,670.5036900999999,0.047907000000122935,0.2909124791622162
81,1,0.00017535686492919922,0.9998246431350708,1,5701.656696125085,670.5036900999999,0.047907000000122935,0.2909124791622162
82,1,0.0001468062400817871,0.9998531937599182,1,6810.6995533901745,670.5036900999999,0.047907000000122935,0.2909124791622162
83,0,0.8427343219518661,0.15726567804813385,0,0.18661359096410016,670.5036900999999,0.047907000000122935,0.2909124791622162
84,0,0.9192294180393219,0.0807705819606781,0,0.08786770786008828,670.5036900999999,0.047907000000122935,0.2909124791622162
85,0,0.32328498363494873,0.6767150163650513,1,2.0932460541662317,670.5036900999999,0.047907000000122935,0.2909124791622162
86,0,0.6982500851154327,0.30174991488456726,0,0.43215163351492153,670.5036900999999,0.047907000000122935,0.2909124791622162
87,1,0.0002530217170715332,0.9997469782829285,1,3951.229917550059,670.5036900999999,0.047907000000122935,0.2909124791622162
88,1,0.016285717487335205,0.9837142825126648,1,60.40349670056985,670.5036900999999,0.047907000000122935,0.2909124791622162
89,1,0.0006437897682189941,0.999356210231781,1,1552.302101657254,670.5036900999999,0.047907000000122935,0.2909124791622162
90,0,0.7814451158046722,0.21855488419532776,0,0.2796804020846387,670.5036900999999,0.047907000000122935,0.2909124791622162
91,0,0.9141532257199287,0.08584677428007126,0,0.09390851759283989,670.5036900999999,0.047907000000122935,0.2909124791622162
92,1,0.0001017451286315918,0.9998982548713684,1,9827.480374926772,670.5036900999999,0.047907000000122935,0.2909124791622162
93,1,0.00017881393432617188,0.9998211860656738,1,5591.405333333333,670.5036900999999,0.047907000000122935,0.2909124791622162
94,1,0.00018596649169921875,0.9998140335083008,1,5376.3128205128205,670.5036900999999,0.047907000000122935,0.2909124791622162
95,1,0.7276668846607208,0.2723331153392792,0,0.3742551998449897,670.5036900999999,0.047907000000122935,0.2909124791622162
96,0,0.906880296766758,0.09311970323324203,0,0.10268136110712266,670.5036900999999,0.047907000000122935,0.2909124791622162
97,1,0.0002576112747192383,0.9997423887252808,1,3880.8176770013883,670.5036900999999,0.047907000000122935,0.2909124791622162
98,0,0.9462477713823318,0.05375222861766815,0,0.056805659408998004,670.5036900999999,0.047907000000122935,0.2909124791622162
99,0,0.7834891974925995,0.2165108025074005,0,0.27634178390755104,670.5036900999999,0.047907000000122935,0.2909124791622162
100,0,0.8532867133617401,0.1467132866382599,0,0.1719390262860716,670.5036900999999,0.047907000000122935,0.2909124791622162
