dataset,true_model,m0_prob,m1_prob,selected_model,bayes_factor,training_time,inference_time,final_epoch_loss
1,0,0.9456430358241864,0.054356964175813566,0,0.05748148309307656,2714.0154393000003,0.2344206000016129,0.290695999009541
2,1,0.0015202787595558487,0.9984797212404442,1,656.7741047254724,2714.0154393000003,0.2344206000016129,0.290695999009541
3,1,0.0014295898146180486,0.998570410185382,1,698.5013463125264,2714.0154393000003,0.2344206000016129,0.290695999009541
4,1,0.05577054832045081,0.9442294516795492,1,16.930610871066236,2714.0154393000003,0.2344206000016129,0.290695999009541
5,0,0.8989003340682894,0.1010996659317106,0,0.11247038420171515,2714.0154393000003,0.2344206000016129,0.290695999009541
6,0,0.8942781805747415,0.10572181942525845,0,0.118220282817716,2714.0154393000003,0.2344206000016129,0.290695999009541
7,0,0.8830959539078237,0.11690404609217626,0,0.1323797777295428,2714.0154393000003,0.2344206000016129,0.290695999009541
8,1,0.0004307202669625587,0.9995692797330374,1,2320.6924688777813,2714.0154393000003,0.2344206000016129,0.290695999009541
9,1,0.0004181331087923512,0.9995818668912076,1,2390.5829169524322,2714.0154393000003,0.2344206000016129,0.290695999009541
10,1,0.0008697359129354876,0.9991302640870645,1,1148.774299447808,2714.0154393000003,0.2344206000016129,0.290695999009541
11,0,0.9130566135896616,0.08694338641033843,0,0.0952223390272838,2714.0154393000003,0.2344206000016129,0.290695999009541
12,1,0.8086356652206366,0.19136433477936346,0,0.2366508713502633,2714.0154393000003,0.2344206000016129,0.290695999009541
13,1,0.0008701286051296941,0.9991298713948703,1,1148.2554021378808,2714.0154393000003,0.2344206000016129,0.290695999009541
14,0,0.8536765093340563,0.14632349066594377,0,0.17140390893511775,2714.0154393000003,0.2344206000016129,0.290695999009541
15,0,0.8801051937200592,0.11989480627994073,0,0.13622781360165048,2714.0154393000003,0.2344206000016129,0.290695999009541
16,0,0.8878516682298851,0.11214833177011485,0,0.1263142659783538,2714.0154393000003,0.2344206000016129,0.290695999009541
17,0,0.9177124472478658,0.08228755275213416,0,0.08966594383557384,2714.0154393000003,0.2344206000016129,0.290695999009541
18,1,0.0009904059821839173,0.9990095940178161,1,1008.6869546314,2714.0154393000003,0.2344206000016129,0.290695999009541
19,0,0.9503642027439669,0.04963579725603309,0,0.05222818485031389,2714.0154393000003,0.2344206000016129,0.290695999009541
20,0,0.7788259140745841,0.22117408592541588,0,0.28398398400523067,2714.0154393000003,0.2344206000016129,0.290695999009541
21,1,0.24478645781653208,0.7552135421834679,1,3.085193310609944,2714.0154393000003,0.2344206000016129,0.290695999009541
22,0,0.7736043291379305,0.22639567086206944,0,0.2926504704470236,2714.0154393000003,0.2344206000016129,0.290695999009541
23,0,0.9098740336842683,0.09012596631573169,0,0.09905323482064105,2714.0154393000003,0.2344206000016129,0.290695999009541
24,0,0.9501408216518411,0.04985917834815887,0,0.05247556700224454,2714.0154393000003,0.2344206000016129,0.290695999009541
25,0,0.9449753547324035,0.055024645267596546,0,0.05822865643218635,2714.0154393000003,0.2344206000016129,0.290695999009541
26,1,0.00035184121171483174,0.9996481587882852,1,2841.1912121269715,2714.0154393000003,0.2344206000016129,0.290695999009541
27,0,0.9416636766285017,0.05833632337149831,0,0.06195027462497391,2714.0154393000003,0.2344206000016129,0.290695999009541
28,1,0.6097502872162748,0.3902497127837253,0,0.6400156276520228,2714.0154393000003,0.2344206000016129,0.290695999009541
29,1,0.0038778989729729707,0.996122101027027,1,256.8715966995281,2714.0154393000003,0.2344206000016129,0.290695999009541
30,0,0.9374452742640443,0.06255472573595564,0,0.06672893602782859,2714.0154393000003,0.2344206000016129,0.290695999009541
31,1,0.0007283152166355222,0.9992716847833645,1,1372.031864718597,2714.0154393000003,0.2344206000016129,0.290695999009541
32,0,0.9264880105838169,0.07351198941618312,0,0.07934478220593517,2714.0154393000003,0.2344206000016129,0.290695999009541
33,0,0.8447556899485703,0.15524431005142966,0,0.18377421057783122,2714.0154393000003,0.2344206000016129,0.290695999009541
34,1,0.0003395598872555361,0.9996604401127445,1,2943.9886088796147,2714.0154393000003,0.2344206000016129,0.290695999009541
35,1,0.00040807113954921537,0.9995919288604508,1,2449.553109697176,2714.0154393000003,0.2344206000016129,0.290695999009541
36,1,0.00028137489556057105,0.9997186251044394,1,3552.977329810263,2714.0154393000003,0.2344206000016129,0.290695999009541
37,0,0.8995655556399487,0.10043444436005139,0,0.11164772120315632,2714.0154393000003,0.2344206000016129,0.290695999009541
38,0,0.8085852772015673,0.19141472279843272,0,0.23672793482080198,2714.0154393000003,0.2344206000016129,0.290695999009541
39,1,0.5998847705554406,0.40011522944455935,0,0.6669868099403287,2714.0154393000003,0.2344206000016129,0.290695999009541
40,0,0.8528659859232837,0.1471340140767164,0,0.1725171556905674,2714.0154393000003,0.2344206000016129,0.290695999009541
41,0,0.9376162092788244,0.062383790721175635,0,0.0665344627191958,2714.0154393000003,0.2344206000016129,0.290695999009541
42,0,0.9484414059048965,0.051558594095103535,0,0.054361390987471815,2714.0154393000003,0.2344206000016129,0.290695999009541
43,0,0.8137857284855472,0.1862142715144528,0,0.2288246954895572,2714.0154393000003,0.2344206000016129,0.290695999009541
44,1,0.9321510287515056,0.06784897124849448,0,0.07278753029900027,2714.0154393000003,0.2344206000016129,0.290695999009541
45,0,0.6653770867286868,0.33462291327131327,0,0.5029071784189025,2714.0154393000003,0.2344206000016129,0.290695999009541
46,1,0.0008336850967737286,0.9991663149032263,1,1198.4936743740438,2714.0154393000003,0.2344206000016129,0.290695999009541
47,0,0.901779340439858,0.09822065956014209,0,0.10891872895672385,2714.0154393000003,0.2344206000016129,0.290695999009541
48,1,0.0009605494578721618,0.9990394505421278,1,1040.0708077595818,2714.0154393000003,0.2344206000016129,0.290695999009541
49,1,0.0003942532574663371,0.9996057467425337,1,2535.4406788329047,2714.0154393000003,0.2344206000016129,0.290695999009541
50,0,0.8391639675358552,0.16083603246414482,0,0.19166222417345719,2714.0154393000003,0.2344206000016129,0.290695999009541
51,1,0.0007163629437177965,0.9992836370562822,1,1394.9404360172198,2714.0154393000003,0.2344206000016129,0.290695999009541
52,1,0.0019048167030268903,0.9980951832969731,1,523.9848966627226,2714.0154393000003,0.2344206000016129,0.290695999009541
53,1,0.8834567944207045,0.11654320557929558,0,0.13191726671332543,2714.0154393000003,0.2344206000016129,0.290695999009541
54,1,0.0004418712724117979,0.9995581287275882,1,2262.1025423803953,2714.0154393000003,0.2344206000016129,0.290695999009541
55,1,0.0006810315907459508,0.999318968409254,1,1467.360665772751,2714.0154393000003,0.2344206000016129,0.290695999009541
56,1,0.0009460884663952118,0.9990539115336048,1,1055.9836072626506,2714.0154393000003,0.2344206000016129,0.290695999009541
57,0,0.9154770106126149,0.08452298938738506,0,0.09232671974015419,2714.0154393000003,0.2344206000016129,0.290695999009541
58,0,0.8522482376064112,0.14775176239358878,0,0.1733670494978766,2714.0154393000003,0.2344206000016129,0.290695999009541
59,0,0.8015750427335868,0.19842495726641315,0,0.2475438314418206,2714.0154393000003,0.2344206000016129,0.290695999009541
60,0,0.9242980994306323,0.07570190056936765,0,0.08190204071175741,2714.0154393000003,0.2344206000016129,0.290695999009541
61,0,0.831297049465678,0.16870295053432202,0,0.20293943138948592,2714.0154393000003,0.2344206000016129,0.290695999009541
62,0,0.9376360940930877,0.06236390590691231,0,0.06651184430696722,2714.0154393000003,0.2344206000016129,0.290695999009541
63,1,0.0010701371086566658,0.9989298628913433,1,933.4596985850642,2714.0154393000003,0.2344206000016129,0.290695999009541
64,0,0.8308193034851948,0.1691806965148052,0,0.20363115758758965,2714.0154393000003,0.2344206000016129,0.290695999009541
65,0,0.9466799098097193,0.0533200901902807,0,0.05632325101416585,2714.0154393000003,0.2344206000016129,0.290695999009541
66,1,0.0008766503276562698,0.9991233496723437,1,1139.7056707245024,2714.0154393000003,0.2344206000016129,0.290695999009541
67,0,0.7686324976808757,0.23136750231912429,0,0.30101186590107526,2714.0154393000003,0.2344206000016129,0.290695999009541
68,1,0.433652873060269,0.566347126939731,1,1.3059918707399412,2714.0154393000003,0.2344206000016129,0.290695999009541
69,0,0.9235235649255733,0.07647643507442667,0,0.08280940300704714,2714.0154393000003,0.2344206000016129,0.290695999009541
70,1,0.0010363826333954496,0.9989636173666046,1,963.8945937310326,2714.0154393000003,0.2344206000016129,0.290695999009541
71,1,0.873404295725087,0.12659570427491298,0,0.1449451358260325,2714.0154393000003,0.2344206000016129,0.290695999009541
72,0,0.935344706748013,0.0646552932519871,0,0.06912456208447394,2714.0154393000003,0.2344206000016129,0.290695999009541
73,0,0.8631868345942011,0.1368131654057989,0,0.1584977433884486,2714.0154393000003,0.2344206000016129,0.290695999009541
74,1,0.00032835866695524185,0.9996716413330448,1,3044.450297604932,2714.0154393000003,0.2344206000016129,0.290695999009541
75,1,0.0009001430557797896,0.9990998569442202,1,1109.9345271054774,2714.0154393000003,0.2344206000016129,0.290695999009541
76,1,0.8434475275873886,0.15655247241261136,0,0.18561020963617816,2714.0154393000003,0.2344206000016129,0.290695999009541
77,1,0.004993089899928305,0.9950069101000717,1,199.27678652738837,2714.0154393000003,0.2344206000016129,0.290695999009541
78,0,0.8570004897324581,0.1429995102675419,0,0.16686047672176252,2714.0154393000003,0.2344206000016129,0.290695999009541
79,0,0.5586206728095731,0.44137932719042694,0,0.7901235107725556,2714.0154393000003,0.2344206000016129,0.290695999009541
80,0,0.6767963017044325,0.3232036982955675,0,0.47754944505697905,2714.0154393000003,0.2344206000016129,0.290695999009541
81,1,0.00038210036066865793,0.9996178996393313,1,2616.113467912059,2714.0154393000003,0.2344206000016129,0.290695999009541
82,1,0.0006679299687996076,0.9993320700312004,1,1496.162946284897,2714.0154393000003,0.2344206000016129,0.290695999009541
83,0,0.8207478157095135,0.17925218429048653,0,0.21840104945698582,2714.0154393000003,0.2344206000016129,0.290695999009541
84,0,0.9389007902290268,0.06109920977097312,0,0.06507525651998775,2714.0154393000003,0.2344206000016129,0.290695999009541
85,0,0.133524754650869,0.866475245349131,1,6.489247987122154,2714.0154393000003,0.2344206000016129,0.290695999009541
86,0,0.6442860085227671,0.355713991477233,0,0.5521057213283612,2714.0154393000003,0.2344206000016129,0.290695999009541
87,1,0.0009091560219063322,0.9990908439780937,1,1098.9212191359463,2714.0154393000003,0.2344206000016129,0.290695999009541
88,1,0.06514637865687245,0.9348536213431275,1,14.350047395067408,2714.0154393000003,0.2344206000016129,0.290695999009541
89,1,0.0013623371311263233,0.9986376628688737,1,733.0326980394653,2714.0154393000003,0.2344206000016129,0.290695999009541
90,0,0.8596675220542838,0.14033247794571618,0,0.1632404090483424,2714.0154393000003,0.2344206000016129,0.290695999009541
91,0,0.9383236367761686,0.06167636322383142,0,0.06573037362219188,2714.0154393000003,0.2344206000016129,0.290695999009541
92,1,0.0005964878056011758,0.9994035121943988,1,1675.480207323167,2714.0154393000003,0.2344206000016129,0.290695999009541
93,1,0.0007918921115928068,0.9992081078884072,1,1261.7982844640367,2714.0154393000003,0.2344206000016129,0.290695999009541
94,1,0.0007999979501063237,0.9992000020498937,1,1249.0032029670765,2714.0154393000003,0.2344206000016129,0.290695999009541
95,1,0.7295024580832443,0.27049754191675573,0,0.3707973001591846,2714.0154393000003,0.2344206000016129,0.290695999009541
96,0,0.9237581251128925,0.07624187488710758,0,0.08253445660116934,2714.0154393000003,0.2344206000016129,0.290695999009541
97,1,0.0005251692869058244,0.9994748307130942,1,1903.1479098897194,2714.0154393000003,0.2344206000016129,0.290695999009541
98,0,0.9452776092457861,0.05472239075421394,0,0.057890285582746,2714.0154393000003,0.2344206000016129,0.290695999009541
99,0,0.7871922887023795,0.2128077112976206,0,0.2703376472963376,2714.0154393000003,0.2344206000016129,0.290695999009541
100,0,0.8452562353077301,0.15474376469226994,0,0.18307320103463395,2714.0154393000003,0.2344206000016129,0.290695999009541
