dataset,true_model,m0_prob,m1_prob,selected_model,bayes_factor,training_time,inference_time,final_epoch_loss
1,0,0.8934694677591324,0.10653053224086761,0,0.11923242604814656,715.3192055,0.02164379999976518,0.3292734920978546
2,1,0.0023693442344665527,0.9976306557655334,1,421.0577092400191,715.3192055,0.02164379999976518,0.3292734920978546
3,1,0.0018697381019592285,0.9981302618980408,1,533.8342631260161,715.3192055,0.02164379999976518,0.3292734920978546
4,1,0.027222812175750732,0.9727771878242493,1,35.73389778925082,715.3192055,0.02164379999976518,0.3292734920978546
5,0,0.5595559477806091,0.44044405221939087,0,0.7871313922519153,715.3192055,0.02164379999976518,0.3292734920978546
6,0,0.9125917106866837,0.08740828931331635,0,0.09578027971297876,715.3192055,0.02164379999976518,0.3292734920978546
7,0,0.7985086441040039,0.2014913558959961,0,0.2523345957288752,715.3192055,0.02164379999976518,0.3292734920978546
8,1,0.000840604305267334,0.9991593956947327,1,1188.620364461462,715.3192055,0.02164379999976518,0.3292734920978546
9,1,0.000822901725769043,0.999177098274231,1,1214.2119368390554,715.3192055,0.02164379999976518,0.3292734920978546
10,1,0.0012993812561035156,0.9987006187438965,1,768.5970642201835,715.3192055,0.02164379999976518,0.3292734920978546
11,0,0.8894329071044922,0.11056709289550781,0,0.12431189807835409,715.3192055,0.02164379999976518,0.3292734920978546
12,1,0.7822482883930206,0.21775171160697937,0,0.27836649160883253,715.3192055,0.02164379999976518,0.3292734920978546
13,1,0.0012935400009155273,0.9987064599990845,1,772.0723435628053,715.3192055,0.02164379999976518,0.3292734920978546
14,0,0.4848674535751343,0.5151325464248657,1,1.062419311971909,715.3192055,0.02164379999976518,0.3292734920978546
15,0,0.8881083652377129,0.11189163476228714,0,0.12598871842890252,715.3192055,0.02164379999976518,0.3292734920978546
16,0,0.894848108291626,0.10515189170837402,0,0.11750808962330131,715.3192055,0.02164379999976518,0.3292734920978546
17,0,0.9048166275024414,0.0951833724975586,0,0.10519631227411519,715.3192055,0.02164379999976518,0.3292734920978546
18,1,0.0014404058456420898,0.9985595941543579,1,693.2487792766697,715.3192055,0.02164379999976518,0.3292734920978546
19,0,0.9013932794332504,0.09860672056674957,0,0.10939367179301403,715.3192055,0.02164379999976518,0.3292734920978546
20,0,0.8032612651586533,0.19673873484134674,0,0.2449249619953834,715.3192055,0.02164379999976518,0.3292734920978546
21,1,0.21185201406478882,0.7881479859352112,1,3.720276106009447,715.3192055,0.02164379999976518,0.3292734920978546
22,0,0.8551637530326843,0.14483624696731567,0,0.16936668147320322,715.3192055,0.02164379999976518,0.3292734920978546
23,0,0.8827406242489815,0.11725937575101852,0,0.13283559465814831,715.3192055,0.02164379999976518,0.3292734920978546
24,0,0.7593302726745605,0.24066972732543945,0,0.31694999657755973,715.3192055,0.02164379999976518,0.3292734920978546
25,0,0.936398409307003,0.06360159069299698,0,0.0679215065519669,715.3192055,0.02164379999976518,0.3292734920978546
26,1,0.0007396340370178223,0.9992603659629822,1,1351.0199854943992,715.3192055,0.02164379999976518,0.3292734920978546
27,0,0.925436221063137,0.07456377893686295,0,0.0805714940044214,715.3192055,0.02164379999976518,0.3292734920978546
28,1,0.7069315612316132,0.29306843876838684,0,0.41456408914294934,715.3192055,0.02164379999976518,0.3292734920978546
29,1,0.010845601558685303,0.9891543984413147,1,91.20327656230249,715.3192055,0.02164379999976518,0.3292734920978546
30,0,0.007873773574829102,0.9921262264251709,1,126.0039061317184,715.3192055,0.02164379999976518,0.3292734920978546
31,1,0.0011361241340637207,0.9988638758659363,1,879.1855096794502,715.3192055,0.02164379999976518,0.3292734920978546
32,0,0.9123324677348137,0.08766753226518631,0,0.09609165010081445,715.3192055,0.02164379999976518,0.3292734920978546
33,0,0.8780226111412048,0.12197738885879517,0,0.13892283332003916,715.3192055,0.02164379999976518,0.3292734920978546
34,1,0.0007246136665344238,0.9992753863334656,1,1379.0457349675085,715.3192055,0.02164379999976518,0.3292734920978546
35,1,0.0008110404014587402,0.9991889595985413,1,1231.984199309179,715.3192055,0.02164379999976518,0.3292734920978546
36,1,0.0006288886070251465,0.9993711113929749,1,1589.1067197422046,715.3192055,0.02164379999976518,0.3292734920978546
37,0,0.8536686301231384,0.14633136987686157,0,0.1714147207866287,715.3192055,0.02164379999976518,0.3292734920978546
38,0,0.7987808734178543,0.2012191265821457,0,0.2519077925854203,715.3192055,0.02164379999976518,0.3292734920978546
39,1,0.6094798445701599,0.3905201554298401,0,0.6407433468210212,715.3192055,0.02164379999976518,0.3292734920978546
40,0,0.8890027776360512,0.11099722236394882,0,0.12485587801997844,715.3192055,0.02164379999976518,0.3292734920978546
41,0,0.8780321404337883,0.1219678595662117,0,0.13891047257786482,715.3192055,0.02164379999976518,0.3292734920978546
42,0,0.09254366159439087,0.9074563384056091,1,9.805710329281057,715.3192055,0.02164379999976518,0.3292734920978546
43,0,0.8812394365668297,0.11876056343317032,0,0.13476537533980867,715.3192055,0.02164379999976518,0.3292734920978546
44,1,0.9218700081110001,0.07812999188899994,0,0.08475163656652175,715.3192055,0.02164379999976518,0.3292734920978546
45,0,0.8117713630199432,0.18822863698005676,0,0.23187395559238574,715.3192055,0.02164379999976518,0.3292734920978546
46,1,0.0012892484664916992,0.9987107515335083,1,774.6456773000463,715.3192055,0.02164379999976518,0.3292734920978546
47,0,0.8633852154016495,0.13661478459835052,0,0.1582315543066103,715.3192055,0.02164379999976518,0.3292734920978546
48,1,0.0013104081153869629,0.998689591884613,1,762.12103707073,715.3192055,0.02164379999976518,0.3292734920978546
49,1,0.0007963180541992188,0.9992036819458008,1,1254.7796407185629,715.3192055,0.02164379999976518,0.3292734920978546
50,0,0.8833141028881073,0.1166858971118927,0,0.13210011787468737,715.3192055,0.02164379999976518,0.3292734920978546
51,1,0.0011453628540039062,0.9988546371459961,1,872.0857618651124,715.3192055,0.02164379999976518,0.3292734920978546
52,1,0.001865684986114502,0.9981343150138855,1,534.9961662566691,715.3192055,0.02164379999976518,0.3292734920978546
53,1,0.8934631943702698,0.10653680562973022,0,0.11924028465976087,715.3192055,0.02164379999976518,0.3292734920978546
54,1,0.0008474588394165039,0.9991525411605835,1,1178.9983119988747,715.3192055,0.02164379999976518,0.3292734920978546
55,1,0.0010849833488464355,0.9989150166511536,1,920.673130802615,715.3192055,0.02164379999976518,0.3292734920978546
56,1,0.001768648624420166,0.9982313513755798,1,564.4034307282715,715.3192055,0.02164379999976518,0.3292734920978546
57,0,0.8605998605489731,0.13940013945102692,0,0.16198020223022597,715.3192055,0.02164379999976518,0.3292734920978546
58,0,0.8792236372828484,0.12077636271715164,0,0.1373670561114562,715.3192055,0.02164379999976518,0.3292734920978546
59,0,0.8011371791362762,0.19886282086372375,0,0.24822567974953075,715.3192055,0.02164379999976518,0.3292734920978546
60,0,0.9161280766129494,0.08387192338705063,0,0.09155043440774852,715.3192055,0.02164379999976518,0.3292734920978546
61,0,0.8626460283994675,0.13735397160053253,0,0.1592240236187904,715.3192055,0.02164379999976518,0.3292734920978546
62,0,0.9260542169213295,0.0739457830786705,0,0.07985038211315912,715.3192055,0.02164379999976518,0.3292734920978546
63,1,0.0015113353729248047,0.9984886646270752,1,660.6665089130778,715.3192055,0.02164379999976518,0.3292734920978546
64,0,0.873071551322937,0.126928448677063,0,0.1453814964933085,715.3192055,0.02164379999976518,0.3292734920978546
65,0,0.9222195968031883,0.07778040319681168,0,0.08434043634122737,715.3192055,0.02164379999976518,0.3292734920978546
66,1,0.0013017058372497559,0.9986982941627502,1,767.2227208205504,715.3192055,0.02164379999976518,0.3292734920978546
67,0,0.9197267815470695,0.08027321845293045,0,0.08727941826147882,715.3192055,0.02164379999976518,0.3292734920978546
68,1,0.3247964382171631,0.6752035617828369,1,2.0788514969224727,715.3192055,0.02164379999976518,0.3292734920978546
69,0,0.9094062149524689,0.09059378504753113,0,0.09961861218670703,715.3192055,0.02164379999976518,0.3292734920978546
70,1,0.0014131665229797363,0.9985868334770203,1,706.6306887679784,715.3192055,0.02164379999976518,0.3292734920978546
71,1,0.8839571699500084,0.11604283004999161,0,0.13127653012481852,715.3192055,0.02164379999976518,0.3292734920978546
72,0,0.9186356961727142,0.08136430382728577,0,0.08857080577890838,715.3192055,0.02164379999976518,0.3292734920978546
73,0,0.8734847903251648,0.1265152096748352,0,0.14483962523003802,715.3192055,0.02164379999976518,0.3292734920978546
74,1,0.0007143616676330566,0.9992856383323669,1,1398.8511472674177,715.3192055,0.02164379999976518,0.3292734920978546
75,1,0.0011581778526306152,0.9988418221473694,1,862.4252483145489,715.3192055,0.02164379999976518,0.3292734920978546
76,1,0.8751017078757286,0.12489829212427139,0,0.14272431535696184,715.3192055,0.02164379999976518,0.3292734920978546
77,1,0.003193378448486328,0.9968066215515137,1,312.14797670598773,715.3192055,0.02164379999976518,0.3292734920978546
78,0,0.8853442594408989,0.1146557405591011,0,0.12950413281214135,715.3192055,0.02164379999976518,0.3292734920978546
79,0,0.38836389780044556,0.6116361021995544,1,1.5749046336789876,715.3192055,0.02164379999976518,0.3292734920978546
80,0,0.6265850961208344,0.37341490387916565,0,0.5959524192180181,715.3192055,0.02164379999976518,0.3292734920978546
81,1,0.0007778406143188477,0.9992221593856812,1,1284.6104214559386,715.3192055,0.02164379999976518,0.3292734920978546
82,1,0.001100778579711914,0.9988992214202881,1,907.4479098982023,715.3192055,0.02164379999976518,0.3292734920978546
83,0,0.9062318429350853,0.0937681570649147,0,0.1034703843127166,715.3192055,0.02164379999976518,0.3292734920978546
84,0,0.9207905158400536,0.07920948415994644,0,0.08602334928230904,715.3192055,0.02164379999976518,0.3292734920978546
85,0,0.4672175645828247,0.5327824354171753,1,1.1403304922683997,715.3192055,0.02164379999976518,0.3292734920978546
86,0,0.88957230001688,0.11042769998311996,0,0.12413572228027396,715.3192055,0.02164379999976518,0.3292734920978546
87,1,0.0012706518173217773,0.9987293481826782,1,785.997654564218,715.3192055,0.02164379999976518,0.3292734920978546
88,1,0.004571735858917236,0.9954282641410828,1,217.73529680186698,715.3192055,0.02164379999976518,0.3292734920978546
89,1,0.001667022705078125,0.9983329772949219,1,598.8718535469108,715.3192055,0.02164379999976518,0.3292734920978546
90,0,0.7429872453212738,0.2570127546787262,0,0.3459181248361696,715.3192055,0.02164379999976518,0.3292734920978546
91,0,0.8757069930434227,0.1242930069565773,0,0.14193446888508987,715.3192055,0.02164379999976518,0.3292734920978546
92,1,0.0009521842002868652,0.9990478157997131,1,1049.2169640062598,715.3192055,0.02164379999976518,0.3292734920978546
93,1,0.0012163519859313965,0.9987836480140686,1,821.1304454353898,715.3192055,0.02164379999976518,0.3292734920978546
94,1,0.001228928565979004,0.998771071434021,1,812.7169463575517,715.3192055,0.02164379999976518,0.3292734920978546
95,1,0.787878081202507,0.21212191879749298,0,0.26923190764964516,715.3192055,0.02164379999976518,0.3292734920978546
96,0,0.9103781953454018,0.08962180465459824,0,0.09844458612126063,715.3192055,0.02164379999976518,0.3292734920978546
97,1,0.0009552240371704102,0.9990447759628296,1,1045.8748284038438,715.3192055,0.02164379999976518,0.3292734920978546
98,0,0.9313886761665344,0.06861132383346558,0,0.07366561950898973,715.3192055,0.02164379999976518,0.3292734920978546
99,0,0.8459524810314178,0.15404751896858215,0,0.1820994942656371,715.3192055,0.02164379999976518,0.3292734920978546
100,0,0.8887379691004753,0.11126203089952469,0,0.1251910402929416,715.3192055,0.02164379999976518,0.3292734920978546
