dataset,true_model,m0_prob,m1_prob,selected_model,bayes_factor,training_time,inference_time,final_epoch_loss
1,1,0.06712573766708374,0.9328742623329163,1,13.897415428931177,1.1,0.22925889999987703,0.2981038987636566
2,0,0.9991666010464542,0.0008333989535458386,0,0.0008340940866848405,1.1,0.22925889999987703,0.2981038987636566
3,0,0.9991811004001647,0.0008188995998352766,0,0.0008195707459912055,1.1,0.22925889999987703,0.2981038987636566
4,0,0.8484118729829788,0.15158812701702118,0,0.17867280249632056,1.1,0.22925889999987703,0.2981038987636566
5,1,0.05344665050506592,0.9465533494949341,1,17.71024639617436,1.1,0.22925889999987703,0.2981038987636566
6,1,0.107327401638031,0.892672598361969,1,8.317285099033407,1.1,0.22925889999987703,0.2981038987636566
7,1,0.1691570281982422,0.8308429718017578,1,4.911666873386179,1.1,0.22925889999987703,0.2981038987636566
8,0,0.9993955242680386,0.0006044757319614291,0,0.0006048413438754888,1.1,0.22925889999987703,0.2981038987636566
9,0,0.9994384714518674,0.0005615285481326282,0,0.000561844039600462,1.1,0.22925889999987703,0.2981038987636566
10,0,0.9996527648763731,0.0003472351236268878,0,0.0003473557377394243,1.1,0.22925889999987703,0.2981038987636566
11,1,0.1159977912902832,0.8840022087097168,1,7.620853801409985,1.1,0.22925889999987703,0.2981038987636566
12,0,0.24070370197296143,0.7592962980270386,1,3.154485335303781,1.1,0.22925889999987703,0.2981038987636566
13,0,0.9996386581333354,0.00036134186666458845,0,0.00036147248180591206,1.1,0.22925889999987703,0.2981038987636566
14,1,0.32786792516708374,0.6721320748329163,1,2.0500086261576005,1.1,0.22925889999987703,0.2981038987636566
15,1,0.1435263752937317,0.8564736247062683,1,5.967360514424373,1.1,0.22925889999987703,0.2981038987636566
16,1,0.13464826345443726,0.8653517365455627,1,6.426757496492953,1.1,0.22925889999987703,0.2981038987636566
17,1,0.10484790802001953,0.8951520919799805,1,8.537624725989394,1.1,0.22925889999987703,0.2981038987636566
18,0,0.9995593058993109,0.00044069410068914294,0,0.00044088839760502975,1.1,0.22925889999987703,0.2981038987636566
19,1,0.060379743576049805,0.9396202564239502,1,15.561845757766012,1.1,0.22925889999987703,0.2981038987636566
20,1,0.2504751682281494,0.7495248317718506,1,2.9924117311666345,1.1,0.22925889999987703,0.2981038987636566
21,0,0.5757441222667694,0.4242558777332306,0,0.7368826902876359,1.1,0.22925889999987703,0.2981038987636566
22,1,0.17954027652740479,0.8204597234725952,1,4.5697808833850235,1.1,0.22925889999987703,0.2981038987636566
23,1,0.11098253726959229,0.8890174627304077,1,8.010426546393136,1.1,0.22925889999987703,0.2981038987636566
24,1,0.07581120729446411,0.9241887927055359,1,12.190661851826517,1.1,0.22925889999987703,0.2981038987636566
25,1,0.06833529472351074,0.9316647052764893,1,13.63372630565315,1.1,0.22925889999987703,0.2981038987636566
26,0,0.9995000938652083,0.0004999061347916722,0,0.0005001561659273732,1.1,0.22925889999987703,0.2981038987636566
27,1,0.0674903392791748,0.9325096607208252,1,13.816935441137508,1.1,0.22925889999987703,0.2981038987636566
28,0,0.31263017654418945,0.6873698234558105,1,2.1986675472406056,1.1,0.22925889999987703,0.2981038987636566
29,0,0.9972269858699292,0.0027730141300708055,0,0.002780725120120743,1.1,0.22925889999987703,0.2981038987636566
30,1,0.052039921283721924,0.9479600787162781,1,18.216016768126813,1.1,0.22925889999987703,0.2981038987636566
31,0,0.9997244928090367,0.0002755071909632534,0,0.00027558311609344517,1.1,0.22925889999987703,0.2981038987636566
32,1,0.09817099571228027,0.9018290042877197,1,9.186308010268142,1.1,0.22925889999987703,0.2981038987636566
33,1,0.17525184154510498,0.824748158454895,1,4.706074134134719,1.1,0.22925889999987703,0.2981038987636566
34,0,0.9995323817129247,0.00046761828707531095,0,0.0004678370562381794,1.1,0.22925889999987703,0.2981038987636566
35,0,0.9994508749223314,0.0005491250776685774,0,0.0005494267816927476,1.1,0.22925889999987703,0.2981038987636566
36,0,0.9996022265695501,0.0003977734304498881,0,0.0003979317171140894,1.1,0.22925889999987703,0.2981038987636566
37,1,0.13992780447006226,0.8600721955299377,1,6.146542488729975,1.1,0.22925889999987703,0.2981038987636566
38,1,0.20054960250854492,0.7994503974914551,1,3.986297591676316,1.1,0.22925889999987703,0.2981038987636566
39,0,0.34385794401168823,0.6561420559883118,1,1.9081776862075595,1.1,0.22925889999987703,0.2981038987636566
40,1,0.15956240892410278,0.8404375910758972,1,5.26714027910959,1.1,0.22925889999987703,0.2981038987636566
41,1,0.09570229053497314,0.9042977094650269,1,9.44907070050286,1.1,0.22925889999987703,0.2981038987636566
42,1,0.15254491567611694,0.8474550843238831,1,5.55544627998745,1.1,0.22925889999987703,0.2981038987636566
43,1,0.16615253686904907,0.8338474631309509,1,5.018565944546106,1.1,0.22925889999987703,0.2981038987636566
44,0,0.08618307113647461,0.9138169288635254,1,10.603206834164181,1.1,0.22925889999987703,0.2981038987636566
45,1,0.23020273447036743,0.7697972655296326,1,3.3439970524273845,1.1,0.22925889999987703,0.2981038987636566
46,0,0.9996943392034154,0.00030566079658456147,0,0.0003057542536732984,1.1,0.22925889999987703,0.2981038987636566
47,1,0.12633883953094482,0.8736611604690552,1,6.915222299909323,1.1,0.22925889999987703,0.2981038987636566
48,0,0.9995616491942201,0.00043835080577991903,0,0.000438543041475519,1.1,0.22925889999987703,0.2981038987636566
49,0,0.9994640140794218,0.0005359859205782413,0,0.0005362733555463955,1.1,0.22925889999987703,0.2981038987636566
50,1,0.15760421752929688,0.8423957824707031,1,5.3450078663923515,1.1,0.22925889999987703,0.2981038987636566
51,0,0.9997155304008629,0.0002844695991370827,0,0.00028455054511658626,1.1,0.22925889999987703,0.2981038987636566
52,0,0.9971554821822792,0.002844517817720771,0,0.0028526321807864213,1.1,0.22925889999987703,0.2981038987636566
53,0,0.1342940330505371,0.8657059669494629,1,6.446347222468798,1.1,0.22925889999987703,0.2981038987636566
54,0,0.9993818293442018,0.000618170655798167,0,0.000618553027128593,1.1,0.22925889999987703,0.2981038987636566
55,0,0.9997491562389769,0.000250843761023134,0,0.0002509066994032782,1.1,0.22925889999987703,0.2981038987636566
56,0,0.9973794282414019,0.0026205717585980892,0,0.002627457198730006,1.1,0.22925889999987703,0.2981038987636566
57,1,0.11431503295898438,0.8856849670410156,1,7.7477558647845965,1.1,0.22925889999987703,0.2981038987636566
58,1,0.1652524471282959,0.8347475528717041,1,5.051347604091072,1.1,0.22925889999987703,0.2981038987636566
59,1,0.19707036018371582,0.8029296398162842,1,4.074329793012837,1.1,0.22925889999987703,0.2981038987636566
60,1,0.09490042924880981,0.9050995707511902,1,9.5373601354131,1.1,0.22925889999987703,0.2981038987636566
61,1,0.1693664789199829,0.8306335210800171,1,4.904356082601501,1.1,0.22925889999987703,0.2981038987636566
62,1,0.07059437036514282,0.9294056296348572,1,13.16543549900074,1.1,0.22925889999987703,0.2981038987636566
63,0,0.9995061756926589,0.0004938243073411286,0,0.0004940682902723516,1.1,0.22925889999987703,0.2981038987636566
64,1,0.17674899101257324,0.8232510089874268,1,4.6577409255414866,1.1,0.22925889999987703,0.2981038987636566
65,1,0.07063823938369751,0.9293617606163025,1,13.15663822774706,1.1,0.22925889999987703,0.2981038987636566
66,0,0.9996369434229564,0.00036305657704360783,0,0.00036318843499363846,1.1,0.22925889999987703,0.2981038987636566
67,1,0.10614007711410522,0.8938599228858948,1,8.421511903792535,1.1,0.22925889999987703,0.2981038987636566
68,0,0.4873051643371582,0.5126948356628418,1,1.0521022003947345,1.1,0.22925889999987703,0.2981038987636566
69,1,0.10789906978607178,0.8921009302139282,1,8.267920492573937,1.1,0.22925889999987703,0.2981038987636566
70,0,0.9995099901570939,0.0004900098429061472,0,0.0004902500702660631,1.1,0.22925889999987703,0.2981038987636566
71,0,0.14633333683013916,0.8536666631698608,1,5.8337128207551245,1.1,0.22925889999987703,0.2981038987636566
72,1,0.08287853002548218,0.9171214699745178,1,11.065851067731725,1.1,0.22925889999987703,0.2981038987636566
73,1,0.1546812653541565,0.8453187346458435,1,5.464907031309908,1.1,0.22925889999987703,0.2981038987636566
74,0,0.9995472503360361,0.0004527496639639139,0,0.0004529547390698186,1.1,0.22925889999987703,0.2981038987636566
75,0,0.9989457601914182,0.0010542398085817695,0,0.001055352403097197,1.1,0.22925889999987703,0.2981038987636566
76,0,0.17318075895309448,0.8268192410469055,1,4.774313532549232,1.1,0.22925889999987703,0.2981038987636566
77,0,0.9475808888673782,0.052419111132621765,0,0.05531887752113398,1.1,0.22925889999987703,0.2981038987636566
78,1,0.15992552042007446,0.8400744795799255,1,5.252910713520343,1.1,0.22925889999987703,0.2981038987636566
79,1,0.4043886661529541,0.5956113338470459,1,1.4728685141283475,1.1,0.22925889999987703,0.2981038987636566
80,1,0.2994493246078491,0.7005506753921509,1,2.3394632006920486,1.1,0.22925889999987703,0.2981038987636566
81,0,0.9994774794904515,0.0005225205095484853,0,0.0005227936799685312,1.1,0.22925889999987703,0.2981038987636566
82,0,0.9997445499466266,0.0002554500533733517,0,0.00025551532477670363,1.1,0.22925889999987703,0.2981038987636566
83,1,0.11688166856765747,0.8831183314323425,1,7.555661569984737,1.1,0.22925889999987703,0.2981038987636566
84,1,0.08022552728652954,0.9197744727134705,1,11.464860423147476,1.1,0.22925889999987703,0.2981038987636566
85,1,0.7052848041057587,0.29471519589424133,0,0.4178669300381641,1.1,0.22925889999987703,0.2981038987636566
86,1,0.18987351655960083,0.8101264834403992,1,4.266663925119343,1.1,0.22925889999987703,0.2981038987636566
87,0,0.9995953337056562,0.00040466629434376955,0,0.00040483011544642603,1.1,0.22925889999987703,0.2981038987636566
88,0,0.9083870127797127,0.09161298722028732,0,0.10085237451815465,1.1,0.22925889999987703,0.2981038987636566
89,0,0.9992276069242507,0.0007723930757492781,0,0.000772990127971746,1.1,0.22925889999987703,0.2981038987636566
90,1,0.17255568504333496,0.827444314956665,1,4.795230680164863,1.1,0.22925889999987703,0.2981038987636566
91,1,0.09917277097702026,0.9008272290229797,1,9.083412918165957,1.1,0.22925889999987703,0.2981038987636566
92,0,0.999811146495631,0.00018885350436903536,0,0.00018888917675200236,1.1,0.22925889999987703,0.2981038987636566
93,0,0.9997050246747676,0.0002949753252323717,0,0.00029506236134837425,1.1,0.22925889999987703,0.2981038987636566
94,0,0.999692655634135,0.00030734436586499214,0,0.0003074388554650673,1.1,0.22925889999987703,0.2981038987636566
95,0,0.21851229667663574,0.7814877033233643,1,3.5764014895685468,1.1,0.22925889999987703,0.2981038987636566
96,1,0.09223008155822754,0.9077699184417725,1,9.842449481828451,1.1,0.22925889999987703,0.2981038987636566
97,0,0.9992857881006785,0.0007142118993215263,0,0.0007147223625375618,1.1,0.22925889999987703,0.2981038987636566
98,1,0.06146407127380371,0.9385359287261963,1,15.269667454101839,1.1,0.22925889999987703,0.2981038987636566
99,1,0.18396437168121338,0.8160356283187866,1,4.435835161239109,1.1,0.22925889999987703,0.2981038987636566
100,1,0.1435045599937439,0.8564954400062561,1,5.968419679789933,1.1,0.22925889999987703,0.2981038987636566
