dataset,true_model,m0_prob,m1_prob,selected_model,bayes_factor,training_time,inference_time,final_epoch_loss
1,0,0.9383099228143692,0.0616900771856308,0,0.06574594991023587,667.8317010999999,0.016648700002406258,0.29139444231987
2,1,0.0019105076789855957,0.9980894923210144,1,522.4210838299067,667.8317010999999,0.016648700002406258,0.29139444231987
3,1,0.0013369321823120117,0.998663067817688,1,746.9810967454302,667.8317010999999,0.016648700002406258,0.29139444231987
4,1,0.04231208562850952,0.9576879143714905,1,22.633909440904716,667.8317010999999,0.016648700002406258,0.29139444231987
5,0,0.9392306581139565,0.06076934188604355,0,0.06470119066180485,667.8317010999999,0.016648700002406258,0.29139444231987
6,0,0.926879271864891,0.07312072813510895,0,0.07888916103171588,667.8317010999999,0.016648700002406258,0.29139444231987
7,0,0.86139115691185,0.13860884308815002,0,0.16091277693756786,667.8317010999999,0.016648700002406258,0.29139444231987
8,1,0.0008751749992370605,0.9991248250007629,1,1141.62861812981,667.8317010999999,0.016648700002406258,0.29139444231987
9,1,0.0008218884468078613,0.9991781115531921,1,1215.7101312640511,667.8317010999999,0.016648700002406258,0.29139444231987
10,1,0.0006746053695678711,0.9993253946304321,1,1481.348118042057,667.8317010999999,0.016648700002406258,0.29139444231987
11,0,0.9079624488949776,0.09203755110502243,0,0.101367133868846,667.8317010999999,0.016648700002406258,0.29139444231987
12,1,0.8417668044567108,0.15823319554328918,0,0.18797747155807043,667.8317010999999,0.016648700002406258,0.29139444231987
13,1,0.0006929636001586914,0.9993070363998413,1,1442.0772406674694,667.8317010999999,0.016648700002406258,0.29139444231987
14,0,0.6372071206569672,0.36279287934303284,0,0.5693484388074471,667.8317010999999,0.016648700002406258,0.29139444231987
15,0,0.8979480639100075,0.10205193608999252,0,0.11365015438155696,667.8317010999999,0.016648700002406258,0.29139444231987
16,0,0.9057301133871078,0.09426988661289215,0,0.10408165216054965,667.8317010999999,0.016648700002406258,0.29139444231987
17,0,0.9088899865746498,0.09111001342535019,0,0.10024316998883237,667.8317010999999,0.016648700002406258,0.29139444231987
18,1,0.000793755054473877,0.9992062449455261,1,1258.8344972591424,667.8317010999999,0.016648700002406258,0.29139444231987
19,0,0.9361523762345314,0.0638476237654686,0,0.06820217027305077,667.8317010999999,0.016648700002406258,0.29139444231987
20,0,0.7842274159193039,0.2157725840806961,0,0.2751403224379226,667.8317010999999,0.016648700002406258,0.29139444231987
21,1,0.3579862713813782,0.6420137286186218,1,1.7934032110819607,667.8317010999999,0.016648700002406258,0.29139444231987
22,0,0.8848110809922218,0.11518891900777817,0,0.13018476088546044,667.8317010999999,0.016648700002406258,0.29139444231987
23,0,0.853816568851471,0.14618343114852905,0,0.1712117525959595,667.8317010999999,0.016648700002406258,0.29139444231987
24,0,0.878299243748188,0.12170075625181198,0,0.13856411367547994,667.8317010999999,0.016648700002406258,0.29139444231987
25,0,0.9437898024916649,0.056210197508335114,0,0.05955796233434249,667.8317010999999,0.016648700002406258,0.29139444231987
26,1,0.0007513165473937988,0.9992486834526062,1,1329.9969059896866,667.8317010999999,0.016648700002406258,0.29139444231987
27,0,0.9420552477240562,0.057944752275943756,0,0.0615088684192721,667.8317010999999,0.016648700002406258,0.29139444231987
28,1,0.8003423064947128,0.19965769350528717,0,0.24946537485908368,667.8317010999999,0.016648700002406258,0.29139444231987
29,1,0.01413881778717041,0.9858611822128296,1,69.72727119430041,667.8317010999999,0.016648700002406258,0.29139444231987
30,0,0.8613216578960419,0.13867834210395813,0,0.16100644960293806,667.8317010999999,0.016648700002406258,0.29139444231987
31,1,0.0005317926406860352,0.999468207359314,1,1879.4321900919076,667.8317010999999,0.016648700002406258,0.29139444231987
32,0,0.9282974228262901,0.07170257717370987,0,0.07724095253373055,667.8317010999999,0.016648700002406258,0.29139444231987
33,0,0.8706571757793427,0.12934282422065735,0,0.1485576962079018,667.8317010999999,0.016648700002406258,0.29139444231987
34,1,0.0007324814796447754,0.9992675185203552,1,1364.2222312637318,667.8317010999999,0.016648700002406258,0.29139444231987
35,1,0.0008156895637512207,0.9991843104362488,1,1224.9565948118377,667.8317010999999,0.016648700002406258,0.29139444231987
36,1,0.0006469488143920898,0.9993530511856079,1,1544.717339229777,667.8317010999999,0.016648700002406258,0.29139444231987
37,0,0.8653625100851059,0.1346374899148941,0,0.15558507370703278,667.8317010999999,0.016648700002406258,0.29139444231987
38,0,0.8465206474065781,0.15347935259342194,0,0.18130609461638666,667.8317010999999,0.016648700002406258,0.29139444231987
39,1,0.5637771487236023,0.4362228512763977,0,0.7737505009985082,667.8317010999999,0.016648700002406258,0.29139444231987
40,0,0.8941086456179619,0.10589135438203812,0,0.11843231233811799,667.8317010999999,0.016648700002406258,0.29139444231987
41,0,0.9164481535553932,0.08355184644460678,0,0.09116920157508575,667.8317010999999,0.016648700002406258,0.29139444231987
42,0,0.5710278451442719,0.42897215485572815,0,0.7512280854663875,667.8317010999999,0.016648700002406258,0.29139444231987
43,0,0.8892814517021179,0.11071854829788208,0,0.12450338201248057,667.8317010999999,0.016648700002406258,0.29139444231987
44,1,0.9379808083176613,0.062019191682338715,0,0.06611989406646258,667.8317010999999,0.016648700002406258,0.29139444231987
45,0,0.8485730141401291,0.1514269858598709,0,0.1784489765012313,667.8317010999999,0.016648700002406258,0.29139444231987
46,1,0.0006391406059265137,0.9993608593940735,1,1563.6009512263358,667.8317010999999,0.016648700002406258,0.29139444231987
47,0,0.8610126674175262,0.13898733258247375,0,0.16142309845375988,667.8317010999999,0.016648700002406258,0.29139444231987
48,1,0.0007396340370178223,0.9992603659629822,1,1351.0199854943992,667.8317010999999,0.016648700002406258,0.29139444231987
49,1,0.00081634521484375,0.9991836547851562,1,1223.9719626168223,667.8317010999999,0.016648700002406258,0.29139444231987
50,0,0.8896739184856415,0.11032608151435852,0,0.12400732360700206,667.8317010999999,0.016648700002406258,0.29139444231987
51,1,0.0005133152008056641,0.9994866847991943,1,1947.1207617278217,667.8317010999999,0.016648700002406258,0.29139444231987
52,1,0.00208437442779541,0.9979156255722046,1,478.76025164426653,667.8317010999999,0.016648700002406258,0.29139444231987
53,1,0.8994714766740799,0.1005285233259201,0,0.1117639924476963,667.8317010999999,0.016648700002406258,0.29139444231987
54,1,0.0008751749992370605,0.9991248250007629,1,1141.62861812981,667.8317010999999,0.016648700002406258,0.29139444231987
55,1,0.0005085468292236328,0.9994914531707764,1,1965.3872480075013,667.8317010999999,0.016648700002406258,0.29139444231987
56,1,0.0017177462577819824,0.998282253742218,1,581.1581595475208,667.8317010999999,0.016648700002406258,0.29139444231987
57,0,0.8406004458665848,0.15939955413341522,0,0.18962582629740146,667.8317010999999,0.016648700002406258,0.29139444231987
58,0,0.8836942613124847,0.11630573868751526,0,0.13161309717545872,667.8317010999999,0.016648700002406258,0.29139444231987
59,0,0.7439004778862,0.25609952211380005,0,0.34426583894865775,667.8317010999999,0.016648700002406258,0.29139444231987
60,0,0.9311077669262886,0.0688922330737114,0,0.07398953753885426,667.8317010999999,0.016648700002406258,0.29139444231987
61,0,0.8901708200573921,0.10982917994260788,0,0.12337989233968245,667.8317010999999,0.016648700002406258,0.29139444231987
62,0,0.9426697678864002,0.05733023211359978,0,0.06081687783638412,667.8317010999999,0.016648700002406258,0.29139444231987
63,1,0.0009191632270812988,0.9990808367729187,1,1086.946047597432,667.8317010999999,0.016648700002406258,0.29139444231987
64,0,0.8518716841936111,0.14812831580638885,0,0.1738857137229633,667.8317010999999,0.016648700002406258,0.29139444231987
65,0,0.9392567798495293,0.060743220150470734,0,0.06467158018300588,667.8317010999999,0.016648700002406258,0.29139444231987
66,1,0.0006980299949645996,0.9993019700050354,1,1431.6031935786866,667.8317010999999,0.016648700002406258,0.29139444231987
67,0,0.936300702393055,0.06369929760694504,0,0.0680329486500848,667.8317010999999,0.016648700002406258,0.29139444231987
68,1,0.4517046809196472,0.5482953190803528,1,1.2138358140634098,667.8317010999999,0.016648700002406258,0.29139444231987
69,0,0.9266620054841042,0.07333799451589584,0,0.07914211878966897,667.8317010999999,0.016648700002406258,0.29139444231987
70,1,0.0008326172828674316,0.9991673827171326,1,1200.0319994273034,667.8317010999999,0.016648700002406258,0.29139444231987
71,1,0.8968671560287476,0.10313284397125244,0,0.11499232999892203,667.8317010999999,0.016648700002406258,0.29139444231987
72,0,0.9340378940105438,0.06596210598945618,0,0.07062037462551982,667.8317010999999,0.016648700002406258,0.29139444231987
73,0,0.8560094237327576,0.14399057626724243,0,0.16821143818645115,667.8317010999999,0.016648700002406258,0.29139444231987
74,1,0.0007143616676330566,0.9992856383323669,1,1398.8511472674177,667.8317010999999,0.016648700002406258,0.29139444231987
75,1,0.0013113021850585938,0.9986886978149414,1,761.6007272727272,667.8317010999999,0.016648700002406258,0.29139444231987
76,1,0.8592473566532135,0.1407526433467865,0,0.16380922473246937,667.8317010999999,0.016648700002406258,0.29139444231987
77,1,0.0036498308181762695,0.9963501691818237,1,272.98530228304537,667.8317010999999,0.016648700002406258,0.29139444231987
78,0,0.8844511285424232,0.11554887145757675,0,0.13064472160039126,667.8317010999999,0.016648700002406258,0.29139444231987
79,0,0.6449531316757202,0.3550468683242798,0,0.5505002625567463,667.8317010999999,0.016648700002406258,0.29139444231987
80,0,0.7739692479372025,0.22603075206279755,0,0.2920409986123079,667.8317010999999,0.016648700002406258,0.29139444231987
81,1,0.0007902383804321289,0.9992097616195679,1,1264.4409413184492,667.8317010999999,0.016648700002406258,0.29139444231987
82,1,0.00048404932022094727,0.999515950679779,1,2064.905184090629,667.8317010999999,0.016648700002406258,0.29139444231987
83,0,0.9309511259198189,0.06904887408018112,0,0.07417024606093894,667.8317010999999,0.016648700002406258,0.29139444231987
84,0,0.9353596791625023,0.06464032083749771,0,0.0691074484794716,667.8317010999999,0.016648700002406258,0.29139444231987
85,0,0.3713344931602478,0.6286655068397522,1,1.6929897933517701,667.8317010999999,0.016648700002406258,0.29139444231987
86,0,0.9216437637805939,0.07835623621940613,0,0.08501792047937036,667.8317010999999,0.016648700002406258,0.29139444231987
87,1,0.0006865859031677246,0.9993134140968323,1,1455.4819862835316,667.8317010999999,0.016648700002406258,0.29139444231987
88,1,0.008565247058868408,0.9914347529411316,1,115.75086464255642,667.8317010999999,0.016648700002406258,0.29139444231987
89,1,0.0011870861053466797,0.9988129138946533,1,841.3988752761599,667.8317010999999,0.016648700002406258,0.29139444231987
90,0,0.808177262544632,0.19182273745536804,0,0.23735230666029106,667.8317010999999,0.016648700002406258,0.29139444231987
91,0,0.9210424497723579,0.07895755022764206,0,0.08572628791122165,667.8317010999999,0.016648700002406258,0.29139444231987
92,1,0.0004106760025024414,0.9995893239974976,1,2434.009579100145,667.8317010999999,0.016648700002406258,0.29139444231987
93,1,0.0006060004234313965,0.9993939995765686,1,1649.163863479886,667.8317010999999,0.016648700002406258,0.29139444231987
94,1,0.0005894899368286133,0.9994105100631714,1,1695.3817997977756,667.8317010999999,0.016648700002406258,0.29139444231987
95,1,0.8403009623289108,0.15969903767108917,0,0.19004980933079038,667.8317010999999,0.016648700002406258,0.29139444231987
96,0,0.9270902276039124,0.07290977239608765,0,0.07864366404176729,667.8317010999999,0.016648700002406258,0.29139444231987
97,1,0.000957190990447998,0.999042809009552,1,1043.7235817921414,667.8317010999999,0.016648700002406258,0.29139444231987
98,0,0.9444092325866222,0.05559076741337776,0,0.0588630071532882,667.8317010999999,0.016648700002406258,0.29139444231987
99,0,0.8839244693517685,0.1160755306482315,0,0.1313183814600768,667.8317010999999,0.016648700002406258,0.29139444231987
100,0,0.9128196910023689,0.08718030899763107,0,0.09550660426912813,667.8317010999999,0.016648700002406258,0.29139444231987
